-38961.854588156515 2.9467831410556755e-06 1.4226582354949751 1.9999993157573948 2.5773628306320298 18182.308305005583 2408499.8001246215 2497468.815133688 8511084.8943518139 19053656.852037255 106327210208.97365 
8.6143356009512768e-16 0.62849497412716815 0.84011973284626973 1.2426351972574856 1.702832720671142 2.4390938690107138 2.999990957853766 3.576935662541012 3.7218860432933547 5.3233935447482281 5.5244566188256519 
8.4512971834175752e-16 0.62849321723682439 0.84011889913523274 1.2426331987650527 1.7028301580162035 2.4390918693793462 2.9999902300859436 3.5769305627658108 3.7218831574778437 5.3233835181492069 5.5244465287934492 
4.4848965709613229e-16 0.62849778066087436 0.84012291884226054 1.2426388549317995 1.7028372161128948 2.4390966777347156 2.9999955859057805 3.5769438451990947 3.7219034346149131 5.3234112682249437 5.5244705040136681 
-1.5197287827882245e-15 0.62849034708876217 0.84011657980943855 1.2426303695245586 1.7028259783006117 2.4390893741368771 2.9999868551500053 3.576923956900103 3.7218722802368296 5.3233688629198737 5.5244325097007936 
-7.168408305549084e-16 0.62849524599828854 0.84012049635409891 1.2426345930323222 1.7028333801924451 2.4390919098164483 2.9999927317180259 3.5769313104767613 3.7218918416297888 5.3233923510447472 5.5244542117740236 
-4.5529381133315802e-16 0.62849598439631293 0.84012129937406133 1.2426364489890129 1.7028344222892717 2.4390945261597401 2.9999934927090783 3.5769379390861404 3.7218952531777063 5.3233997349997795 5.5244606693441582 
-2.191290702344994e-16 0.62850151128095333 0.84012592961720389 1.2426424220761312 1.7028427024308626 2.4390995945936087 2.9999999999999996 3.5769516935111971 3.7219177950812221 5.3234300467928737 5.5244883046159536 
-1.6697142191534224e-17 0.62849353043977196 0.84011892623264883 1.2426327375816582 1.7028302670689917 2.4390917747195293 2.9999906185917671 3.5769298078699339 3.7218820677180222 5.3233820346072651 5.5244471207035755 
-3.4209073282988646e-16 0.62849396361489374 0.84011961083565778 1.242634275825564 1.7028313975724667 2.4390926837049212 2.9999911164421182 3.5769329417764819 3.7218870432682563 5.3233886913873691 5.5244505818629968 
2.5658264828606932e-15 0.62849973408352355 0.8401244405709084 1.2426405027854035 1.7028400397006829 2.4390979676832334 2.9999979066085314 3.5769472775468105 3.721910544121442 5.3234203040831254 5.5244794227462322 
-9.4068698447733021e-16 0.62849342013192833 0.8401184276656668 1.2426335020003836 1.7028303890219019 2.4390924268374157 2.9999891301667301 3.5769317466279174 3.7218796798334068 5.323384964716289 5.5244488190073238 
-2.191290702344994e-16 0.62850151128095333 0.84012592961720389 1.2426424220761312 1.7028427024308626 2.4390995945936087 2.9999999999999996 3.5769516935111971 3.7219177950812221 5.3234300467928737 5.5244883046159536 
-1.7465403933272198e-15 0.62849975518580925 0.84012445894083077 1.2426405262910203 1.702840071681232 2.4390979872066949 2.9999979324203756 3.5769473311810551 3.7219106354705085 5.3234204225685797 5.5244795283309198 
-6.803726765560141e-16 0.62848602154376831 0.84011295798403773 1.2426257047606086 1.7028194994933925 2.4390854203678054 2.9999817609632595 3.5769132270834452 3.7218546512340116 5.323345175853226 5.5244109031979063 
-1.3076771783104113e-15 0.62850143744805087 0.84012571648854117 1.2426414803027332 1.7028426419607261 2.4390979525049681 3.0 3.5769476169228822 3.7219171541087408 5.3234269216093546 5.5244856886276468 
2.1196122341920508e-15 0.62849973610997012 0.84012444293017163 1.2426405057637522 1.702840042951467 2.4390979702628171 2.9999979099072442 3.5769472848530319 3.7219105568974844 5.3234203179876021 5.5244794335928589 
-1.2473644058435976e-15 0.62849772700188145 0.8401227605242948 1.2426383364800697 1.7028370340077954 2.4390961284938566 2.9999955446580948 3.5769422882761654 3.7219023699525562 5.3234093074255675 5.5244693897414319 
-2.6361008043843783e-15 0.62849396864900131 0.84011931047323329 1.2426332689965871 1.7028309499383281 2.4390922033343285 2.9999911332295182 3.5769310077231311 3.7218840279800087 5.3233846698892284 5.5244493812838211 
-1.4578199262951908e-15 0.62849598782144223 0.84012130288268316 1.2426364578942359 1.7028344277776282 2.4390945370801576 2.9999934954332987 3.5769379677086883 3.7218952698564385 5.323399771426315 5.5244606988152105 
-2.3138017730972482e-16 0.62849773164110556 0.84012276511595574 1.2426383443615603 1.7028370410728251 2.4390961372312376 2.9999955501537641 3.5769423113446335 3.7219023922741465 5.3234093423491107 5.5244694194594395 
1.1833972626634598e-16 0.62848958216144102 0.84011522400552552 1.2426293738905041 1.7028246444892259 2.4390889257709452 2.9999846240878467 3.5769222519719266 3.7218641088120039 5.3233639873632006 5.524429653811751 
-1.2438382578749878e-16 0.62849772467956533 0.84012275713929097 1.2426383337036044 1.7028370296556476 2.4390961283030976 2.999995539374082 3.5769422857416315 3.7219023484981917 5.323409292704202 5.524469381472402 
-1.070438688645222e-15 0.62849975085468612 0.84012445529867807 1.2426405214902203 1.7028400652612694 2.4390979828522177 2.9999979273278092 3.5769473195444523 3.7219106180259658 5.3234203985409678 5.5244795062026695 
-5.9152216935948094e-16 0.6284935084453841 0.84011907910741113 1.2426329228566664 1.702830764911627 2.4390906958022431 2.9999906690845486 3.5769279247699983 3.72188484881972 5.323383476359135 5.5244460626904175 
-2.191290702344994e-16 0.62850151128095333 0.84012592961720389 1.2426424220761312 1.7028427024308626 2.4390995945936087 2.9999999999999996 3.5769516935111971 3.7219177950812221 5.3234300467928737 5.5244883046159536 
3.8744984034178187e-16 0.62849976929901186 0.84012447111204513 1.242640541596242 1.7028400930247329 2.43909799969056 2.99999794966222 3.5769473655277015 3.7219106958923631 5.3234205003928023 5.5244795980870931 
-7.6611967463021275e-16 0.6284936457865562 0.84011934175636227 1.2426339316394448 1.7028309196572544 2.4390923958802513 2.9999907373516175 3.5769321567013144 3.721885723464978 5.323386943756427 5.5244489988947887 
1.4658714636086535e-15 0.6284976953248651 0.84012241558648515 1.2426372356601167 1.7028365074691869 2.4390955869132749 2.9999955238454827 3.5769401559524745 3.7218990596737815 5.3234048673673051 5.52446793514157 
-1.0121577943664621e-16 0.62849973338697651 0.84012444014293852 1.2426405021177003 1.7028400387903653 2.4390979668270298 2.9999979060239941 3.5769472754999962 3.7219105426874206 5.3234203007308647 5.5244794189604889 
-1.6192972856411167e-15 0.6285012230334015 0.84012496185888585 1.2426419444843038 1.7028420808495572 2.4390995939580726 2.9999983062077966 3.5769511959554432 3.7219114887760139 5.3234277947281985 5.524487859938394 
-1.6899484717372268e-15 0.62849743769899646 0.84012251659441872 1.2426380242338719 1.7028365997298862 2.4390958662380999 2.9999952009014597 3.5769415743205086 3.7219011769863006 5.3234077210971549 5.5244679484998871 
-1.9950522262610959e-15 0.62849771218063832 0.84012275290466853 1.2426383206042562 1.7028370126461947 2.4390961126358426 2.9999955367502085 3.576942248027482 3.7219023423885251 5.323409226704265 5.5244693074576956 
8.4178142945286746e-16 0.62849973345192467 0.84012443906660095 1.2426405027651335 1.7028400386834932 2.439097968463253 2.9999979035586564 3.5769472790507089 3.721910534880521 5.3234203029638696 5.5244794228776204 
-2.9290872224611246e-16 0.62849350401633763 0.84011907342807601 1.2426329129543199 1.7028307573981953 2.4390906855619074 2.9999906625672459 3.5769278965894662 3.7218848178375339 5.3233834341932686 5.5244460315040964 
8.2133194748234521e-16 0.62849783377616464 0.84012284881930155 1.2426384512672284 1.7028371931294504 2.4390962276804236 2.9999956685599662 3.5769425556774297 3.7219027954955406 5.3234098898794127 5.5244699255912018 
2.0234937774319246e-15 0.62849974462426039 0.84012444995673241 1.2426405150032132 1.7028400561290866 2.4390979770275729 2.9999979195542887 3.5769473040310227 3.7219105924550964 5.3234203655702359 5.5244794753951325 
6.7561936709302453e-16 0.62849745833847004 0.84012222658473368 1.2426370134381823 1.7028361667914087 2.4390953881805619 2.9999952433821568 3.5769396358117196 3.7218981874833106 5.3234037019086253 5.5244667942418806 
1.6589790489941234e-15 0.62849776857436357 0.8401227950420499 1.2426383826233827 1.702837095919072 2.439096169658717 2.9999955925029758 3.5769423987188889 3.7219025356451603 5.3234095388874714 5.5244696022112576 
9.9555716243298614e-16 0.62849976383474693 0.84012446780449523 1.2426405356722401 1.7028400851823953 2.4390979936661026 2.9999979457424262 3.5769473501829254 3.7219106827748045 5.3234204705973669 5.5244795681565257 
4.2695570189304763e-16 0.62850122142099651 0.84012495644546503 1.2426419418127668 1.7028420773725736 2.4390995939545186 2.9999982967330596 3.5769511931721261 3.7219114535003026 5.3234277821307394 5.5244878574510139 
-3.108338001762948e-16 0.62849739664835114 0.84012248350896612 1.2426379796655402 1.7028365385147126 2.4390958274215002 2.9999951552638211 3.5769414699414517 3.7219010188260189 5.3234074954084427 5.5244677402274567 
-6.8539989774527172e-16 0.62849974507294271 0.84012445031845706 1.2426405145636734 1.7028400564565878 2.439097976793331 2.9999979206132266 3.5769473030259049 3.7219105934145236 5.3234203643808939 5.5244794759887776 
-2.191290702344994e-16 0.62850151128095333 0.84012592961720389 1.2426424220761312 1.7028427024308626 2.4390995945936087 2.9999999999999996 3.5769516935111971 3.7219177950812221 5.3234300467928737 5.5244883046159536 
-9.824143243703071e-16 0.62849727418667467 0.84012223011618847 1.2426369814015452 1.7028364053680662 2.4390941336300855 2.9999951008179604 3.576937254937278 3.7219001850752824 5.3234040908147486 5.524464869390016 
-2.191290702344994e-16 0.62850151128095333 0.84012592961720389 1.2426424220761312 1.7028427024308626 2.4390995945936087 2.9999999999999996 3.5769516935111971 3.7219177950812221 5.3234300467928737 5.5244883046159536 
1.8473582393896449e-15 0.6284959932148998 0.84012130809529384 1.2426364620409149 1.7028344357414713 2.439094539461065 2.9999935040640602 3.576937974705849 3.7218952965948069 5.3233997950445175 5.52446072056898 
2.5806433163848082e-16 0.62849734282695402 0.84012212076617543 1.2426368604889744 1.7028359812086806 2.4390952685206284 2.9999951064314909 3.5769392936664541 3.721897628785984 5.3234029563115373 5.5244661831599746 
-1.5690598654153693e-15 0.62849780968192226 0.84012282932532678 1.2426384253048599 1.7028371572323604 2.4390962051467788 2.9999956415136886 3.576942495067327 3.721902702218201 5.3234097581411408 5.5244698039026243 
1.0550425812420931e-15 0.62849944882847619 0.8401234783211281 1.2426400299766684 1.702839423766755 2.4390979691408279 2.9999962213832321 3.5769467881960502 3.7219042722044429 5.3234180747405482 5.5244789903174096 
-1.0254403309901359e-16 0.62849379155097773 0.84011946335478915 1.2426340869894597 1.7028311373892462 2.4390925276098296 2.9999909091719097 3.5769325135417249 3.7218863134971065 5.3233877349880885 5.5244497240792434 
-2.191290702344994e-16 0.62850151128095333 0.84012592961720389 1.2426424220761312 1.7028427024308626 2.4390995945936087 2.9999999999999996 3.5769516935111971 3.7219177950812221 5.3234300467928737 5.5244883046159536 
-1.2008942782651163e-15 0.62849982806776061 0.84012451934086407 1.2426406027366386 1.7028401798756179 2.4390980528000146 2.9999980183218717 3.5769475078484221 3.7219109261941585 5.3234208130777629 5.5244798897711451 
-8.7715296495416001e-16 0.62850143955575444 0.8401257225727119 1.2426415071874342 1.7028426436869613 2.4390979993815214 3.0 3.5769477332969428 3.7219171724059708 5.3234270108240711 5.5244857633042947 
2.8645833208202928e-16 0.62849358291310986 0.84011929087306347 1.242633863179623 1.7028308258732685 2.4390923361778225 2.9999906671251093 3.576931996121294 3.721885479923023 5.3233865974519041 5.5244486797211536 
-2.191290702344994e-16 0.62850151128095333 0.84012592961720389 1.2426424220761312 1.7028427024308626 2.4390995945936087 2.9999999999999996 3.5769516935111971 3.7219177950812221 5.3234300467928737 5.5244883046159536 
-1.6335555484062648e-15 0.62849971978266439 0.84012411046828128 1.2426394232677049 1.7028395406087982 2.4390974425323408 2.9999979051480614 3.5769451918515296 3.721907310297798 5.3234159699640848 5.5244780580579853 
-7.753073714714905e-16 0.62849734147425029 0.84012243425494249 1.2426379157428196 1.7028364542023491 2.4390957741353279 2.9999950866710541 3.5769413228213591 3.7219007710636882 5.323407176611215 5.5244674608453375 
-2.191290702344994e-16 0.62850151128095333 0.84012592961720389 1.2426424220761312 1.7028427024308626 2.4390995945936087 2.9999999999999996 3.5769516935111971 3.7219177950812221 5.3234300467928737 5.5244883046159536 
1.7526810371751511e-15 0.62849804946274523 0.84012230560331691 1.2426385186456113 1.7028373271475801 2.4390966879560172 2.9999945725669148 3.5769433106461759 3.7218985614208306 5.3234104032200991 5.5244719968552882 
-4.2176343925031466e-16 0.62849245707460699 0.84011834325518475 1.2426326466899544 1.7028291382835854 2.4390913068305227 2.9999893326203875 3.5769291997313126 3.7218808571220303 5.3233804234894766 5.5244430593941445 
