1229254.1469570948 0.0 0.0 0.0 0.0 0.0 25843.34672292773 -1.0 -1255095.4936800224 0.0 -1.0 
0.0 2.0 -1.0 0.0 0.0 0.0 0.0 0.0 -1.0 0.0 0.0 
0.0 -1.0 53161949470.333435 -53161949468.333435 0.0 -1.0 0.0 0.0 0.0 0.0 0.0 
0.0 0.0 -53161949468.333435 53168571392.257957 -6621922.9245198788 0.0 0.0 0.0 -0.99999847634367256 0.0 0.0 
0.0 0.0 0.0 -6621922.9245198788 12868602.939883342 -6231514.9600150138 0.0 -15165.055348451113 0.0 0.0 0.0 
0.0 0.0 -1.0 0.0 -6231514.9600150138 10014258.434323715 0.0 0.0 0.0 -3782742.4743087017 0.0 
25843.34672292773 0.0 0.0 0.0 0.0 0.0 -25843.34672292773 0.0 0.0 0.0 0.0 
-1.0 0.0 0.0 0.0 -15165.055348451113 0.0 0.0 15166.055348451113 0.0 0.0 0.0 
-1255095.4936800224 -1.0 0.0 -0.99999847634367256 0.0 0.0 0.0 0.0 1255097.4936784988 0.0 0.0 
0.0 0.0 0.0 0.0 0.0 -3782742.4743087017 0.0 0.0 0.0 3782743.4743087017 -1.0 
-1.0 0.0 0.0 0.0 0.0 0.0 0.0 0.0 0.0 -1.0 2.0 

3.9999705618309305 0.0 0.0 0.0 0.0 0.0 -0.99998528091546535 -1.0 -0.99998528091546535 0.0 -1.0 
0.0 2.0 -1.0 0.0 0.0 0.0 0.0 0.0 -1.0 0.0 0.0 
0.0 -1.0 3.0 -1.0 0.0 -1.0 0.0 0.0 0.0 0.0 0.0 
0.0 0.0 -1.0 2.9999852731278027 -0.99998527312780294 0.0 0.0 0.0 -1.0 0.0 0.0 
0.0 0.0 0.0 -0.99998527312780294 2.9999705476015084 -0.99998527447370567 0.0 -1.0 0.0 0.0 0.0 
0.0 0.0 -1.0 0.0 -0.99998527447370567 2.9999638256286545 0.0 0.0 0.0 -0.99997855115494894 0.0 
-0.99998528091546535 0.0 0.0 0.0 0.0 0.0 0.99998528091546535 0.0 0.0 0.0 0.0 
-1.0 0.0 0.0 0.0 -1.0 0.0 0.0 2.0 0.0 0.0 0.0 
-0.99998528091546535 -1.0 0.0 -1.0 0.0 0.0 0.0 0.0 2.9999852809154652 0.0 0.0 
0.0 0.0 0.0 0.0 0.0 -0.99997855115494894 0.0 0.0 0.0 1.9999785511549488 -1.0 
-1.0 0.0 0.0 0.0 0.0 0.0 0.0 0.0 0.0 -1.0 2.0 

3.9999609630911448 0.0 0.0 0.0 0.0 0.0 -0.9999804815455724 -1.0 -0.9999804815455724 0.0 -1.0 
0.0 2.0 -1.0 0.0 0.0 0.0 0.0 0.0 -1.0 0.0 0.0 
0.0 -1.0 3.0 -1.0 0.0 -1.0 0.0 0.0 0.0 0.0 0.0 
0.0 0.0 -1.0 2.9999804536511081 -0.99998045365110799 0.0 0.0 0.0 -1.0 0.0 0.0 
0.0 0.0 0.0 -0.99998045365110799 2.9999592674157016 -0.99997881376459374 0.0 -1.0 0.0 0.0 0.0 
0.0 0.0 -1.0 0.0 -0.99997881376459374 2.9999592531601946 0.0 0.0 0.0 -0.99998043939560066 0.0 
-0.9999804815455724 0.0 0.0 0.0 0.0 0.0 0.9999804815455724 0.0 0.0 0.0 0.0 
-1.0 0.0 0.0 0.0 -1.0 0.0 0.0 2.0 0.0 0.0 0.0 
-0.9999804815455724 -1.0 0.0 -1.0 0.0 0.0 0.0 0.0 2.9999804815455722 0.0 0.0 
0.0 0.0 0.0 0.0 0.0 -0.99998043939560066 0.0 0.0 0.0 1.9999804393956007 -1.0 
-1.0 0.0 0.0 0.0 0.0 0.0 0.0 0.0 0.0 -1.0 2.0 

3.9999823307224562 0.0 0.0 0.0 0.0 0.0 -0.99999116536122812 -1.0 -0.99999116536122812 0.0 -1.0 
0.0 2.0 -1.0 0.0 0.0 0.0 0.0 0.0 -1.0 0.0 0.0 
0.0 -1.0 3.0 -1.0 0.0 -1.0 0.0 0.0 0.0 0.0 0.0 
0.0 0.0 -1.0 2.999992768841687 -0.99999276884168686 0.0 0.0 0.0 -1.0 0.0 0.0 
0.0 0.0 0.0 -0.99999276884168686 2.9999855340144759 -0.99999276517278923 0.0 -1.0 0.0 0.0 0.0 
0.0 0.0 -1.0 0.0 -0.99999276517278923 2.99998394355634 0.0 0.0 0.0 -0.99999117838355089 0.0 
-0.99999116536122812 0.0 0.0 0.0 0.0 0.0 0.99999116536122812 0.0 0.0 0.0 0.0 
-1.0 0.0 0.0 0.0 -1.0 0.0 0.0 2.0 0.0 0.0 0.0 
-0.99999116536122812 -1.0 0.0 -1.0 0.0 0.0 0.0 0.0 2.9999911653612283 0.0 0.0 
0.0 0.0 0.0 0.0 0.0 -0.99999117838355089 0.0 0.0 0.0 1.9999911783835509 -1.0 
-1.0 0.0 0.0 0.0 0.0 0.0 0.0 0.0 0.0 -1.0 2.0 

3.9999474218286117 0.0 0.0 0.0 0.0 0.0 -0.99997371091430598 -1.0 -0.99997371091430598 0.0 -1.0 
0.0 2.0 -1.0 0.0 0.0 0.0 0.0 0.0 -1.0 0.0 0.0 
0.0 -1.0 3.0 -1.0 0.0 -1.0 0.0 0.0 0.0 0.0 0.0 
0.0 0.0 -1.0 2.9999737117484422 -0.99997371174844207 0.0 0.0 0.0 -1.0 0.0 0.0 
0.0 0.0 0.0 -0.99997371174844207 2.9999474242896773 -0.99997371254123513 0.0 -1.0 0.0 0.0 0.0 
0.0 0.0 -1.0 0.0 -0.99997371254123513 2.9999474233068777 0.0 0.0 0.0 -0.99997371076564256 0.0 
-0.99997371091430598 0.0 0.0 0.0 0.0 0.0 0.99997371091430598 0.0 0.0 0.0 0.0 
-1.0 0.0 0.0 0.0 -1.0 0.0 0.0 2.0 0.0 0.0 0.0 
-0.99997371091430598 -1.0 0.0 -1.0 0.0 0.0 0.0 0.0 2.9999737109143059 0.0 0.0 
0.0 0.0 0.0 0.0 0.0 -0.99997371076564256 0.0 0.0 0.0 1.9999737107656426 -1.0 
-1.0 0.0 0.0 0.0 0.0 0.0 0.0 0.0 0.0 -1.0 2.0 

3.9999709229732678 0.0 0.0 0.0 0.0 0.0 -0.99998546148663392 -1.0 -0.99998546148663392 0.0 -1.0 
0.0 2.0 -1.0 0.0 0.0 0.0 0.0 0.0 -1.0 0.0 0.0 
0.0 -1.0 3.0 -1.0 0.0 -1.0 0.0 0.0 0.0 0.0 0.0 
0.0 0.0 -1.0 2.9999771700356717 -0.99997717003567177 0.0 0.0 0.0 -1.0 0.0 0.0 
0.0 0.0 0.0 -0.99997717003567177 2.9999626473296201 -0.9999854772939486 0.0 -1.0 0.0 0.0 0.0 
0.0 0.0 -1.0 0.0 -0.9999854772939486 2.9999709430095303 0.0 0.0 0.0 -0.99998546571558156 0.0 
-0.99998546148663392 0.0 0.0 0.0 0.0 0.0 0.99998546148663392 0.0 0.0 0.0 0.0 
-1.0 0.0 0.0 0.0 -1.0 0.0 0.0 2.0 0.0 0.0 0.0 
-0.99998546148663392 -1.0 0.0 -1.0 0.0 0.0 0.0 0.0 2.9999854614866339 0.0 0.0 
0.0 0.0 0.0 0.0 0.0 -0.99998546571558156 0.0 0.0 0.0 1.9999854657155816 -1.0 
-1.0 0.0 0.0 0.0 0.0 0.0 0.0 0.0 0.0 -1.0 2.0 

3.9999739730098063 0.0 0.0 0.0 0.0 0.0 -0.99998698650490314 -1.0 -0.99998698650490314 0.0 -1.0 
0.0 2.0 -1.0 0.0 0.0 0.0 0.0 0.0 -1.0 0.0 0.0 
0.0 -1.0 3.0 -1.0 0.0 -1.0 0.0 0.0 0.0 0.0 0.0 
0.0 0.0 -1.0 2.9999869538321673 -0.99998695383216729 0.0 0.0 0.0 -1.0 0.0 0.0 
0.0 0.0 0.0 -0.99998695383216729 2.9999739276567343 -0.99998697382456714 0.0 -1.0 0.0 0.0 0.0 
0.0 0.0 -1.0 0.0 -0.99998697382456714 2.9999739584206573 0.0 0.0 0.0 -0.99998698459609014 0.0 
-0.99998698650490314 0.0 0.0 0.0 0.0 0.0 0.99998698650490314 0.0 0.0 0.0 0.0 
-1.0 0.0 0.0 0.0 -1.0 0.0 0.0 2.0 0.0 0.0 0.0 
-0.99998698650490314 -1.0 0.0 -1.0 0.0 0.0 0.0 0.0 2.9999869865049034 0.0 0.0 
0.0 0.0 0.0 0.0 0.0 -0.99998698459609014 0.0 0.0 0.0 1.9999869845960903 -1.0 
-1.0 0.0 0.0 0.0 0.0 0.0 0.0 0.0 0.0 -1.0 2.0 

4.0 0.0 0.0 0.0 0.0 0.0 -1.0 -1.0 -1.0 0.0 -1.0 
0.0 2.0 -1.0 0.0 0.0 0.0 0.0 0.0 -1.0 0.0 0.0 
0.0 -1.0 3.0 -1.0 0.0 -1.0 0.0 0.0 0.0 0.0 0.0 
0.0 0.0 -1.0 3.0 -1.0 0.0 0.0 0.0 -1.0 0.0 0.0 
0.0 0.0 0.0 -1.0 3.0 -1.0 0.0 -1.0 0.0 0.0 0.0 
0.0 0.0 -1.0 0.0 -1.0 3.0 0.0 0.0 0.0 -1.0 0.0 
-1.0 0.0 0.0 0.0 0.0 0.0 1.0 0.0 0.0 0.0 0.0 
-1.0 0.0 0.0 0.0 -1.0 0.0 0.0 2.0 0.0 0.0 0.0 
-1.0 -1.0 0.0 -1.0 0.0 0.0 0.0 0.0 3.0 0.0 0.0 
0.0 0.0 0.0 0.0 0.0 -1.0 0.0 0.0 0.0 2.0 -1.0 
-1.0 0.0 0.0 0.0 0.0 0.0 0.0 0.0 0.0 -1.0 2.0 

3.9999624710924673 0.0 0.0 0.0 0.0 0.0 -0.99998123554623364 -1.0 -0.99998123554623364 0.0 -1.0 
0.0 2.0 -1.0 0.0 0.0 0.0 0.0 0.0 -1.0 0.0 0.0 
0.0 -1.0 3.0 -1.0 0.0 -1.0 0.0 0.0 0.0 0.0 0.0 
0.0 0.0 -1.0 2.9999812375829822 -0.99998123758298207 0.0 0.0 0.0 -1.0 0.0 0.0 
0.0 0.0 0.0 -0.99998123758298207 2.9999557323032793 -0.9999744947202972 0.0 -1.0 0.0 0.0 0.0 
0.0 0.0 -1.0 0.0 -0.9999744947202972 2.9999557340911314 0.0 0.0 0.0 -0.99998123937083416 0.0 
-0.99998123554623364 0.0 0.0 0.0 0.0 0.0 0.99998123554623364 0.0 0.0 0.0 0.0 
-1.0 0.0 0.0 0.0 -1.0 0.0 0.0 2.0 0.0 0.0 0.0 
-0.99998123554623364 -1.0 0.0 -1.0 0.0 0.0 0.0 0.0 2.9999812355462336 0.0 0.0 
0.0 0.0 0.0 0.0 0.0 -0.99998123937083416 0.0 0.0 0.0 1.9999812393708343 -1.0 
-1.0 0.0 0.0 0.0 0.0 0.0 0.0 0.0 0.0 -1.0 2.0 

3.9999644510998742 0.0 0.0 0.0 0.0 0.0 -0.99998222554993721 -1.0 -0.99998222554993721 0.0 -1.0 
0.0 2.0 -1.0 0.0 0.0 0.0 0.0 0.0 -1.0 0.0 0.0 
0.0 -1.0 3.0 -1.0 0.0 -1.0 0.0 0.0 0.0 0.0 0.0 
0.0 0.0 -1.0 2.9999822179737228 -0.99998221797372266 0.0 0.0 0.0 -1.0 0.0 0.0 
0.0 0.0 0.0 -0.99998221797372266 2.9999644613339873 -0.99998224336026442 0.0 -1.0 0.0 0.0 0.0 
0.0 0.0 -1.0 0.0 -0.99998224336026442 2.9999644840717652 0.0 0.0 0.0 -0.99998224071150077 0.0 
-0.99998222554993721 0.0 0.0 0.0 0.0 0.0 0.99998222554993721 0.0 0.0 0.0 0.0 
-1.0 0.0 0.0 0.0 -1.0 0.0 0.0 2.0 0.0 0.0 0.0 
-0.99998222554993721 -1.0 0.0 -1.0 0.0 0.0 0.0 0.0 2.9999822255499371 0.0 0.0 
0.0 0.0 0.0 0.0 0.0 -0.99998224071150077 0.0 0.0 0.0 1.9999822407115007 -1.0 
-1.0 0.0 0.0 0.0 0.0 0.0 0.0 0.0 0.0 -1.0 2.0 

3.9999916310615475 0.0 0.0 0.0 0.0 0.0 -0.99999581553077377 -1.0 -0.99999581553077377 0.0 -1.0 
0.0 2.0 -1.0 0.0 0.0 0.0 0.0 0.0 -1.0 0.0 0.0 
0.0 -1.0 3.0 -1.0 0.0 -1.0 0.0 0.0 0.0 0.0 0.0 
0.0 0.0 -1.0 2.9999958166099949 -0.99999581660999504 0.0 0.0 0.0 -1.0 0.0 0.0 
0.0 0.0 0.0 -0.99999581660999504 2.9999916279726433 -0.99999581136264837 0.0 -1.0 0.0 0.0 0.0 
0.0 0.0 -1.0 0.0 -0.99999581136264837 2.999991622293404 0.0 0.0 0.0 -0.99999581093075562 0.0 
-0.99999581553077377 0.0 0.0 0.0 0.0 0.0 0.99999581553077377 0.0 0.0 0.0 0.0 
-1.0 0.0 0.0 0.0 -1.0 0.0 0.0 2.0 0.0 0.0 0.0 
-0.99999581553077377 -1.0 0.0 -1.0 0.0 0.0 0.0 0.0 2.9999958155307738 0.0 0.0 
0.0 0.0 0.0 0.0 0.0 -0.99999581093075562 0.0 0.0 0.0 1.9999958109307556 -1.0 
-1.0 0.0 0.0 0.0 0.0 0.0 0.0 0.0 0.0 -1.0 2.0 

3.9999632459380212 0.0 0.0 0.0 0.0 0.0 -0.99998162296901061 -1.0 -0.99998162296901061 0.0 -1.0 
0.0 2.0 -1.0 0.0 0.0 0.0 0.0 0.0 -1.0 0.0 0.0 
0.0 -1.0 3.0 -1.0 0.0 -1.0 0.0 0.0 0.0 0.0 0.0 
0.0 0.0 -1.0 2.9999815529330456 -0.99998155293304558 0.0 0.0 0.0 -1.0 0.0 0.0 
0.0 0.0 0.0 -0.99998155293304558 2.9999631084612899 -0.99998155552824453 0.0 -1.0 0.0 0.0 0.0 
0.0 0.0 -1.0 0.0 -0.99998155552824453 2.9999564541334083 0.0 0.0 0.0 -0.99997489860516398 0.0 
-0.99998162296901061 0.0 0.0 0.0 0.0 0.0 0.99998162296901061 0.0 0.0 0.0 0.0 
-1.0 0.0 0.0 0.0 -1.0 0.0 0.0 2.0 0.0 0.0 0.0 
-0.99998162296901061 -1.0 0.0 -1.0 0.0 0.0 0.0 0.0 2.9999816229690106 0.0 0.0 
0.0 0.0 0.0 0.0 0.0 -0.99997489860516398 0.0 0.0 0.0 1.999974898605164 -1.0 
-1.0 0.0 0.0 0.0 0.0 0.0 0.0 0.0 0.0 -1.0 2.0 

4.0 0.0 0.0 0.0 0.0 0.0 -1.0 -1.0 -1.0 0.0 -1.0 
0.0 2.0 -1.0 0.0 0.0 0.0 0.0 0.0 -1.0 0.0 0.0 
0.0 -1.0 3.0 -1.0 0.0 -1.0 0.0 0.0 0.0 0.0 0.0 
0.0 0.0 -1.0 3.0 -1.0 0.0 0.0 0.0 -1.0 0.0 0.0 
0.0 0.0 0.0 -1.0 3.0 -1.0 0.0 -1.0 0.0 0.0 0.0 
0.0 0.0 -1.0 0.0 -1.0 3.0 0.0 0.0 0.0 -1.0 0.0 
-1.0 0.0 0.0 0.0 0.0 0.0 1.0 0.0 0.0 0.0 0.0 
-1.0 0.0 0.0 0.0 -1.0 0.0 0.0 2.0 0.0 0.0 0.0 
-1.0 -1.0 0.0 -1.0 0.0 0.0 0.0 0.0 3.0 0.0 0.0 
0.0 0.0 0.0 0.0 0.0 -1.0 0.0 0.0 0.0 2.0 -1.0 
-1.0 0.0 0.0 0.0 0.0 0.0 0.0 0.0 0.0 -1.0 2.0 

3.9999917294007998 0.0 0.0 0.0 0.0 0.0 -0.99999586470039981 -1.0 -0.99999586470039981 0.0 -1.0 
0.0 2.0 -1.0 0.0 0.0 0.0 0.0 0.0 -1.0 0.0 0.0 
0.0 -1.0 3.0 -1.0 0.0 -1.0 0.0 0.0 0.0 0.0 0.0 
0.0 0.0 -1.0 2.9999958663860316 -0.99999586638603166 0.0 0.0 0.0 -1.0 0.0 0.0 
0.0 0.0 0.0 -0.99999586638603166 2.9999917302298993 -0.99999586384386774 0.0 -1.0 0.0 0.0 0.0 
0.0 0.0 -1.0 0.0 -0.99999586384386774 2.999991728851688 0.0 0.0 0.0 -0.99999586500782012 0.0 
-0.99999586470039981 0.0 0.0 0.0 0.0 0.0 0.99999586470039981 0.0 0.0 0.0 0.0 
-1.0 0.0 0.0 0.0 -1.0 0.0 0.0 2.0 0.0 0.0 0.0 
-0.99999586470039981 -1.0 0.0 -1.0 0.0 0.0 0.0 0.0 2.9999958647003999 0.0 0.0 
0.0 0.0 0.0 0.0 0.0 -0.99999586500782012 0.0 0.0 0.0 1.9999958650078202 -1.0 
-1.0 0.0 0.0 0.0 0.0 0.0 0.0 0.0 0.0 -1.0 2.0 

3.9999270504833291 0.0 0.0 0.0 0.0 0.0 -0.99996352524166454 -1.0 -0.99996352524166454 0.0 -1.0 
0.0 2.0 -1.0 0.0 0.0 0.0 0.0 0.0 -1.0 0.0 0.0 
0.0 -1.0 3.0 -1.0 0.0 -1.0 0.0 0.0 0.0 0.0 0.0 
0.0 0.0 -1.0 2.9999635463747376 -0.99996354637473772 0.0 0.0 0.0 -1.0 0.0 0.0 
0.0 0.0 0.0 -0.99996354637473772 2.9999270900667101 -0.99996354369197249 0.0 -1.0 0.0 0.0 0.0 
0.0 0.0 -1.0 0.0 -0.99996354369197249 2.999927064382661 0.0 0.0 0.0 -0.99996352069068861 0.0 
-0.99996352524166454 0.0 0.0 0.0 0.0 0.0 0.99996352524166454 0.0 0.0 0.0 0.0 
-1.0 0.0 0.0 0.0 -1.0 0.0 0.0 2.0 0.0 0.0 0.0 
-0.99996352524166454 -1.0 0.0 -1.0 0.0 0.0 0.0 0.0 2.9999635252416645 0.0 0.0 
0.0 0.0 0.0 0.0 0.0 -0.99996352069068861 0.0 0.0 0.0 1.9999635206906885 -1.0 
-1.0 0.0 0.0 0.0 0.0 0.0 0.0 0.0 0.0 -1.0 2.0 

4.0 0.0 0.0 0.0 0.0 0.0 -1.0 -1.0 -1.0 0.0 -1.0 
0.0 2.0 -1.0 0.0 0.0 0.0 0.0 0.0 -1.0 0.0 0.0 
0.0 -1.0 3.0 -1.0 0.0 -1.0 0.0 0.0 0.0 0.0 0.0 
0.0 0.0 -1.0 2.9999933049868193 -0.99999330498681915 0.0 0.0 0.0 -1.0 0.0 0.0 
0.0 0.0 0.0 -0.99999330498681915 2.9999933049868193 -1.0 0.0 -1.0 0.0 0.0 0.0 
0.0 0.0 -1.0 0.0 -1.0 3.0 0.0 0.0 0.0 -1.0 0.0 
-1.0 0.0 0.0 0.0 0.0 0.0 1.0 0.0 0.0 0.0 0.0 
-1.0 0.0 0.0 0.0 -1.0 0.0 0.0 2.0 0.0 0.0 0.0 
-1.0 -1.0 0.0 -1.0 0.0 0.0 0.0 0.0 3.0 0.0 0.0 
0.0 0.0 0.0 0.0 0.0 -1.0 0.0 0.0 0.0 2.0 -1.0 
-1.0 0.0 0.0 0.0 0.0 0.0 0.0 0.0 0.0 -1.0 2.0 

3.999991639454036 0.0 0.0 0.0 0.0 0.0 -0.9999958197270179 -1.0 -0.9999958197270179 0.0 -1.0 
0.0 2.0 -1.0 0.0 0.0 0.0 0.0 0.0 -1.0 0.0 0.0 
0.0 -1.0 3.0 -1.0 0.0 -1.0 0.0 0.0 0.0 0.0 0.0 
0.0 0.0 -1.0 2.9999958241974225 -0.99999582419742261 0.0 0.0 0.0 -1.0 0.0 0.0 
0.0 0.0 0.0 -0.99999582419742261 2.9999916412448906 -0.99999581704746809 0.0 -1.0 0.0 0.0 0.0 
0.0 0.0 -1.0 0.0 -0.99999581704746809 2.9999916369767297 0.0 0.0 0.0 -0.99999581992926134 0.0 
-0.9999958197270179 0.0 0.0 0.0 0.0 0.0 0.9999958197270179 0.0 0.0 0.0 0.0 
-1.0 0.0 0.0 0.0 -1.0 0.0 0.0 2.0 0.0 0.0 0.0 
-0.9999958197270179 -1.0 0.0 -1.0 0.0 0.0 0.0 0.0 2.999995819727018 0.0 0.0 
0.0 0.0 0.0 0.0 0.0 -0.99999581992926134 0.0 0.0 0.0 1.9999958199292613 -1.0 
-1.0 0.0 0.0 0.0 0.0 0.0 0.0 0.0 0.0 -1.0 2.0 

3.9999821779245783 0.0 0.0 0.0 0.0 0.0 -0.99999108896228905 -1.0 -0.99999108896228905 0.0 -1.0 
0.0 2.0 -1.0 0.0 0.0 0.0 0.0 0.0 -1.0 0.0 0.0 
0.0 -1.0 3.0 -1.0 0.0 -1.0 0.0 0.0 0.0 0.0 0.0 
0.0 0.0 -1.0 2.9999910802759056 -0.99999108027590566 0.0 0.0 0.0 -1.0 0.0 0.0 
0.0 0.0 0.0 -0.99999108027590566 2.9999821755621339 -0.99999109528622798 0.0 -1.0 0.0 0.0 0.0 
0.0 0.0 -1.0 0.0 -0.99999109528622798 2.9999821850803725 0.0 0.0 0.0 -0.99999108979414464 0.0 
-0.99999108896228905 0.0 0.0 0.0 0.0 0.0 0.99999108896228905 0.0 0.0 0.0 0.0 
-1.0 0.0 0.0 0.0 -1.0 0.0 0.0 2.0 0.0 0.0 0.0 
-0.99999108896228905 -1.0 0.0 -1.0 0.0 0.0 0.0 0.0 2.9999910889622892 0.0 0.0 
0.0 0.0 0.0 0.0 0.0 -0.99999108979414464 0.0 0.0 0.0 1.9999910897941446 -1.0 
-1.0 0.0 0.0 0.0 0.0 0.0 0.0 0.0 0.0 -1.0 2.0 

3.9999645324348378 0.0 0.0 0.0 0.0 0.0 -0.99998226621741904 -1.0 -0.99998226621741904 0.0 -1.0 
0.0 2.0 -1.0 0.0 0.0 0.0 0.0 0.0 -1.0 0.0 0.0 
0.0 -1.0 3.0 -1.0 0.0 -1.0 0.0 0.0 0.0 0.0 0.0 
0.0 0.0 -1.0 2.9999822639646085 -0.99998226396460854 0.0 0.0 0.0 -1.0 0.0 0.0 
0.0 0.0 0.0 -0.99998226396460854 2.9999581611217381 -0.99997589715712953 0.0 -1.0 0.0 0.0 0.0 
0.0 0.0 -1.0 0.0 -0.99997589715712953 2.9999581643491449 0.0 0.0 0.0 -0.99998226719201533 0.0 
-0.99998226621741904 0.0 0.0 0.0 0.0 0.0 0.99998226621741904 0.0 0.0 0.0 0.0 
-1.0 0.0 0.0 0.0 -1.0 0.0 0.0 2.0 0.0 0.0 0.0 
-0.99998226621741904 -1.0 0.0 -1.0 0.0 0.0 0.0 0.0 2.9999822662174189 0.0 0.0 
0.0 0.0 0.0 0.0 0.0 -0.99998226719201533 0.0 0.0 0.0 1.9999822671920153 -1.0 
-1.0 0.0 0.0 0.0 0.0 0.0 0.0 0.0 0.0 -1.0 2.0 

3.9999739884522554 0.0 0.0 0.0 0.0 0.0 -0.99998699422612769 -1.0 -0.99998699422612769 0.0 -1.0 
0.0 2.0 -1.0 0.0 0.0 0.0 0.0 0.0 -1.0 0.0 0.0 
0.0 -1.0 3.0 -1.0 0.0 -1.0 0.0 0.0 0.0 0.0 0.0 
0.0 0.0 -1.0 2.9999869907039871 -0.99998699070398733 0.0 0.0 0.0 -1.0 0.0 0.0 
0.0 0.0 0.0 -0.99998699070398733 2.9999739821242146 -0.99998699142022707 0.0 -1.0 0.0 0.0 0.0 
0.0 0.0 -1.0 0.0 -0.99998699142022707 2.9999739791918061 0.0 0.0 0.0 -0.99998698777157902 0.0 
-0.99998699422612769 0.0 0.0 0.0 0.0 0.0 0.99998699422612769 0.0 0.0 0.0 0.0 
-1.0 0.0 0.0 0.0 -1.0 0.0 0.0 2.0 0.0 0.0 0.0 
-0.99998699422612769 -1.0 0.0 -1.0 0.0 0.0 0.0 0.0 2.9999869942261279 0.0 0.0 
0.0 0.0 0.0 0.0 0.0 -0.99998698777157902 0.0 0.0 0.0 1.999986987771579 -1.0 
-1.0 0.0 0.0 0.0 0.0 0.0 0.0 0.0 0.0 -1.0 2.0 

3.9999821985154926 0.0 0.0 0.0 0.0 0.0 -0.99999109925774632 -1.0 -0.99999109925774632 0.0 -1.0 
0.0 2.0 -1.0 0.0 0.0 0.0 0.0 0.0 -1.0 0.0 0.0 
0.0 -1.0 3.0 -1.0 0.0 -1.0 0.0 0.0 0.0 0.0 0.0 
0.0 0.0 -1.0 2.9999911089211762 -0.99999110892117615 0.0 0.0 0.0 -1.0 0.0 0.0 
0.0 0.0 0.0 -0.99999110892117615 2.9999822175053437 -0.99999110858416729 0.0 -1.0 0.0 0.0 0.0 
0.0 0.0 -1.0 0.0 -0.99999110858416729 2.9999822100652178 0.0 0.0 0.0 -0.99999110148105042 0.0 
-0.99999109925774632 0.0 0.0 0.0 0.0 0.0 0.99999109925774632 0.0 0.0 0.0 0.0 
-1.0 0.0 0.0 0.0 -1.0 0.0 0.0 2.0 0.0 0.0 0.0 
-0.99999109925774632 -1.0 0.0 -1.0 0.0 0.0 0.0 0.0 2.9999910992577465 0.0 0.0 
0.0 0.0 0.0 0.0 0.0 -0.99999110148105042 0.0 0.0 0.0 1.9999911014810503 -1.0 
-1.0 0.0 0.0 0.0 0.0 0.0 0.0 0.0 0.0 -1.0 2.0 

3.9999451544226599 0.0 0.0 0.0 0.0 0.0 -0.99997257721133004 -1.0 -0.99997257721133004 0.0 -1.0 
0.0 2.0 -1.0 0.0 0.0 0.0 0.0 0.0 -1.0 0.0 0.0 
0.0 -1.0 3.0 -1.0 0.0 -1.0 0.0 0.0 0.0 0.0 0.0 
0.0 0.0 -1.0 2.9999725568526907 -0.99997255685269082 0.0 0.0 0.0 -1.0 0.0 0.0 
0.0 0.0 0.0 -0.99997255685269082 2.9999451129149977 -0.99997255606230695 0.0 -1.0 0.0 0.0 0.0 
0.0 0.0 -1.0 0.0 -0.99997255606230695 2.9999384769068262 0.0 0.0 0.0 -0.9999659208445193 0.0 
-0.99997257721133004 0.0 0.0 0.0 0.0 0.0 0.99997257721133004 0.0 0.0 0.0 0.0 
-1.0 0.0 0.0 0.0 -1.0 0.0 0.0 2.0 0.0 0.0 0.0 
-0.99997257721133004 -1.0 0.0 -1.0 0.0 0.0 0.0 0.0 2.9999725772113299 0.0 0.0 
0.0 0.0 0.0 0.0 0.0 -0.9999659208445193 0.0 0.0 0.0 1.9999659208445193 -1.0 
-1.0 0.0 0.0 0.0 0.0 0.0 0.0 0.0 0.0 -1.0 2.0 

3.9999821690730046 0.0 0.0 0.0 0.0 0.0 -0.99999108453650221 -1.0 -0.99999108453650221 0.0 -1.0 
0.0 2.0 -1.0 0.0 0.0 0.0 0.0 0.0 -1.0 0.0 0.0 
0.0 -1.0 3.0 -1.0 0.0 -1.0 0.0 0.0 0.0 0.0 0.0 
0.0 0.0 -1.0 2.9999910841746678 -0.99999108417466775 0.0 0.0 0.0 -1.0 0.0 0.0 
0.0 0.0 0.0 -0.99999108417466775 2.9999821684785655 -0.99999108430389771 0.0 -1.0 0.0 0.0 0.0 
0.0 0.0 -1.0 0.0 -0.99999108430389771 2.9999821573881826 0.0 0.0 0.0 -0.99999107308428481 0.0 
-0.99999108453650221 0.0 0.0 0.0 0.0 0.0 0.99999108453650221 0.0 0.0 0.0 0.0 
-1.0 0.0 0.0 0.0 -1.0 0.0 0.0 2.0 0.0 0.0 0.0 
-0.99999108453650221 -1.0 0.0 -1.0 0.0 0.0 0.0 0.0 2.9999910845365023 0.0 0.0 
0.0 0.0 0.0 0.0 0.0 -0.99999107308428481 0.0 0.0 0.0 1.9999910730842849 -1.0 
-1.0 0.0 0.0 0.0 0.0 0.0 0.0 0.0 0.0 -1.0 2.0 

3.9999917091126829 0.0 0.0 0.0 0.0 0.0 -0.99999585455634155 -1.0 -0.99999585455634155 0.0 -1.0 
0.0 2.0 -1.0 0.0 0.0 0.0 0.0 0.0 -1.0 0.0 0.0 
0.0 -1.0 3.0 -1.0 0.0 -1.0 0.0 0.0 0.0 0.0 0.0 
0.0 0.0 -1.0 2.9999958543176515 -0.99999585431765137 0.0 0.0 0.0 -1.0 0.0 0.0 
0.0 0.0 0.0 -0.99999585431765137 2.999991708805041 -0.99999585448738948 0.0 -1.0 0.0 0.0 0.0 
0.0 0.0 -1.0 0.0 -0.99999585448738948 2.9999917092691355 0.0 0.0 0.0 -0.99999585478174591 0.0 
-0.99999585455634155 0.0 0.0 0.0 0.0 0.0 0.99999585455634155 0.0 0.0 0.0 0.0 
-1.0 0.0 0.0 0.0 -1.0 0.0 0.0 2.0 0.0 0.0 0.0 
-0.99999585455634155 -1.0 0.0 -1.0 0.0 0.0 0.0 0.0 2.9999958545563414 0.0 0.0 
0.0 0.0 0.0 0.0 0.0 -0.99999585478174591 0.0 0.0 0.0 1.999995854781746 -1.0 
-1.0 0.0 0.0 0.0 0.0 0.0 0.0 0.0 0.0 -1.0 2.0 

3.9999626523998151 0.0 0.0 0.0 0.0 0.0 -0.99998132619990743 -1.0 -0.99998132619990743 0.0 -1.0 
0.0 2.0 -1.0 0.0 0.0 0.0 0.0 0.0 -1.0 0.0 0.0 
0.0 -1.0 3.0 -1.0 0.0 -1.0 0.0 0.0 0.0 0.0 0.0 
0.0 0.0 -1.0 2.9999746440263024 -0.99997464402630232 0.0 0.0 0.0 -1.0 0.0 0.0 
0.0 0.0 0.0 -0.99997464402630232 2.9999559733417525 -0.99998132931545003 0.0 -1.0 0.0 0.0 0.0 
0.0 0.0 -1.0 0.0 -0.99998132931545003 2.9999626799974441 0.0 0.0 0.0 -0.99998135068199412 0.0 
-0.99998132619990743 0.0 0.0 0.0 0.0 0.0 0.99998132619990743 0.0 0.0 0.0 0.0 
-1.0 0.0 0.0 0.0 -1.0 0.0 0.0 2.0 0.0 0.0 0.0 
-0.99998132619990743 -1.0 0.0 -1.0 0.0 0.0 0.0 0.0 2.9999813261999075 0.0 0.0 
0.0 0.0 0.0 0.0 0.0 -0.99998135068199412 0.0 0.0 0.0 1.9999813506819941 -1.0 
-1.0 0.0 0.0 0.0 0.0 0.0 0.0 0.0 0.0 -1.0 2.0 

4.0 0.0 0.0 0.0 0.0 0.0 -1.0 -1.0 -1.0 0.0 -1.0 
0.0 2.0 -1.0 0.0 0.0 0.0 0.0 0.0 -1.0 0.0 0.0 
0.0 -1.0 3.0 -1.0 0.0 -1.0 0.0 0.0 0.0 0.0 0.0 
0.0 0.0 -1.0 3.0 -1.0 0.0 0.0 0.0 -1.0 0.0 0.0 
0.0 0.0 0.0 -1.0 3.0 -1.0 0.0 -1.0 0.0 0.0 0.0 
0.0 0.0 -1.0 0.0 -1.0 3.0 0.0 0.0 0.0 -1.0 0.0 
-1.0 0.0 0.0 0.0 0.0 0.0 1.0 0.0 0.0 0.0 0.0 
-1.0 0.0 0.0 0.0 -1.0 0.0 0.0 2.0 0.0 0.0 0.0 
-1.0 -1.0 0.0 -1.0 0.0 0.0 0.0 0.0 3.0 0.0 0.0 
0.0 0.0 0.0 0.0 0.0 -1.0 0.0 0.0 0.0 2.0 -1.0 
-1.0 0.0 0.0 0.0 0.0 0.0 0.0 0.0 0.0 -1.0 2.0 

3.9999917953444912 0.0 0.0 0.0 0.0 0.0 -0.9999958976722455 -1.0 -0.9999958976722455 0.0 -1.0 
0.0 2.0 -1.0 0.0 0.0 0.0 0.0 0.0 -1.0 0.0 0.0 
0.0 -1.0 3.0 -1.0 0.0 -1.0 0.0 0.0 0.0 0.0 0.0 
0.0 0.0 -1.0 2.9999958975306997 -0.99999589753069962 0.0 0.0 0.0 -1.0 0.0 0.0 
0.0 0.0 0.0 -0.99999589753069962 2.9999917957949944 -0.9999958982642948 0.0 -1.0 0.0 0.0 0.0 
0.0 0.0 -1.0 0.0 -0.9999958982642948 2.999991799267189 0.0 0.0 0.0 -0.99999590100289426 0.0 
-0.9999958976722455 0.0 0.0 0.0 0.0 0.0 0.9999958976722455 0.0 0.0 0.0 0.0 
-1.0 0.0 0.0 0.0 -1.0 0.0 0.0 2.0 0.0 0.0 0.0 
-0.9999958976722455 -1.0 0.0 -1.0 0.0 0.0 0.0 0.0 2.9999958976722456 0.0 0.0 
0.0 0.0 0.0 0.0 0.0 -0.99999590100289426 0.0 0.0 0.0 1.9999959010028943 -1.0 
-1.0 0.0 0.0 0.0 0.0 0.0 0.0 0.0 0.0 -1.0 2.0 

3.9999629584040992 0.0 0.0 0.0 0.0 0.0 -0.99998147920204949 -1.0 -0.99998147920204949 0.0 -1.0 
0.0 2.0 -1.0 0.0 0.0 0.0 0.0 0.0 -1.0 0.0 0.0 
0.0 -1.0 3.0 -1.0 0.0 -1.0 0.0 0.0 0.0 0.0 0.0 
0.0 0.0 -1.0 2.9999814858025942 -0.99998148580259427 0.0 0.0 0.0 -1.0 0.0 0.0 
0.0 0.0 0.0 -0.99998148580259427 2.9999629682996005 -0.99998148249700625 0.0 -1.0 0.0 0.0 0.0 
0.0 0.0 -1.0 0.0 -0.99998148249700625 2.9999629532378131 0.0 0.0 0.0 -0.99998147074080668 0.0 
-0.99998147920204949 0.0 0.0 0.0 0.0 0.0 0.99998147920204949 0.0 0.0 0.0 0.0 
-1.0 0.0 0.0 0.0 -1.0 0.0 0.0 2.0 0.0 0.0 0.0 
-0.99998147920204949 -1.0 0.0 -1.0 0.0 0.0 0.0 0.0 2.9999814792020496 0.0 0.0 
0.0 0.0 0.0 0.0 0.0 -0.99998147074080668 0.0 0.0 0.0 1.9999814707408068 -1.0 
-1.0 0.0 0.0 0.0 0.0 0.0 0.0 0.0 0.0 -1.0 2.0 

3.9999820845424487 0.0 0.0 0.0 0.0 0.0 -0.99999104227122437 -1.0 -0.99999104227122437 0.0 -1.0 
0.0 2.0 -1.0 0.0 0.0 0.0 0.0 0.0 -1.0 0.0 0.0 
0.0 -1.0 3.0 -1.0 0.0 -1.0 0.0 0.0 0.0 0.0 0.0 
0.0 0.0 -1.0 2.9999910375783849 -0.99999103757838481 0.0 0.0 0.0 -1.0 0.0 0.0 
0.0 0.0 0.0 -0.99999103757838481 2.9999753536889875 -0.99998431611060246 0.0 -1.0 0.0 0.0 0.0 
0.0 0.0 -1.0 0.0 -0.99998431611060246 2.9999753693464353 0.0 0.0 0.0 -0.99999105323583259 0.0 
-0.99999104227122437 0.0 0.0 0.0 0.0 0.0 0.99999104227122437 0.0 0.0 0.0 0.0 
-1.0 0.0 0.0 0.0 -1.0 0.0 0.0 2.0 0.0 0.0 0.0 
-0.99999104227122437 -1.0 0.0 -1.0 0.0 0.0 0.0 0.0 2.9999910422712244 0.0 0.0 
0.0 0.0 0.0 0.0 0.0 -0.99999105323583259 0.0 0.0 0.0 1.9999910532358327 -1.0 
-1.0 0.0 0.0 0.0 0.0 0.0 0.0 0.0 0.0 -1.0 2.0 

3.9999916276068035 0.0 0.0 0.0 0.0 0.0 -0.99999581380340186 -1.0 -0.99999581380340186 0.0 -1.0 
0.0 2.0 -1.0 0.0 0.0 0.0 0.0 0.0 -1.0 0.0 0.0 
0.0 -1.0 3.0 -1.0 0.0 -1.0 0.0 0.0 0.0 0.0 0.0 
0.0 0.0 -1.0 2.9999958137141562 -0.99999581371415613 0.0 0.0 0.0 -1.0 0.0 0.0 
0.0 0.0 0.0 -0.99999581371415613 2.9999916246570981 -0.99999581094294188 0.0 -1.0 0.0 0.0 0.0 
0.0 0.0 -1.0 0.0 -0.99999581094294188 2.9999916212629385 0.0 0.0 0.0 -0.99999581031999651 0.0 
-0.99999581380340186 0.0 0.0 0.0 0.0 0.0 0.99999581380340186 0.0 0.0 0.0 0.0 
-1.0 0.0 0.0 0.0 -1.0 0.0 0.0 2.0 0.0 0.0 0.0 
-0.99999581380340186 -1.0 0.0 -1.0 0.0 0.0 0.0 0.0 2.9999958138034017 0.0 0.0 
0.0 0.0 0.0 0.0 0.0 -0.99999581031999651 0.0 0.0 0.0 1.9999958103199966 -1.0 
-1.0 0.0 0.0 0.0 0.0 0.0 0.0 0.0 0.0 -1.0 2.0 

4.0 0.0 0.0 0.0 0.0 0.0 -1.0 -1.0 -1.0 0.0 -1.0 
0.0 2.0 -1.0 0.0 0.0 0.0 0.0 0.0 -1.0 0.0 0.0 
0.0 -1.0 3.0 -1.0 0.0 -1.0 0.0 0.0 0.0 0.0 0.0 
0.0 0.0 -1.0 3.0 -1.0 0.0 0.0 0.0 -1.0 0.0 0.0 
0.0 0.0 0.0 -1.0 3.0 -1.0 0.0 -1.0 0.0 0.0 0.0 
0.0 0.0 -1.0 0.0 -1.0 2.9999932248950198 0.0 0.0 0.0 -0.99999322489501985 0.0 
-1.0 0.0 0.0 0.0 0.0 0.0 1.0 0.0 0.0 0.0 0.0 
-1.0 0.0 0.0 0.0 -1.0 0.0 0.0 2.0 0.0 0.0 0.0 
-1.0 -1.0 0.0 -1.0 0.0 0.0 0.0 0.0 3.0 0.0 0.0 
0.0 0.0 0.0 0.0 0.0 -0.99999322489501985 0.0 0.0 0.0 1.9999932248950198 -1.0 
-1.0 0.0 0.0 0.0 0.0 0.0 0.0 0.0 0.0 -1.0 2.0 

3.9999808179624639 0.0 0.0 0.0 0.0 0.0 -0.99999040898123193 -1.0 -0.99999040898123193 0.0 -1.0 
0.0 2.0 -1.0 0.0 0.0 0.0 0.0 0.0 -1.0 0.0 0.0 
0.0 -1.0 3.0 -1.0 0.0 -1.0 0.0 0.0 0.0 0.0 0.0 
0.0 0.0 -1.0 2.9999904106663671 -0.99999041066636718 0.0 0.0 0.0 -1.0 0.0 0.0 
0.0 0.0 0.0 -0.99999041066636718 2.999980820419144 -0.99999040975277664 0.0 -1.0 0.0 0.0 0.0 
0.0 0.0 -1.0 0.0 -0.99999040975277664 2.9999808045214644 0.0 0.0 0.0 -0.99999039476868767 0.0 
-0.99999040898123193 0.0 0.0 0.0 0.0 0.0 0.99999040898123193 0.0 0.0 0.0 0.0 
-1.0 0.0 0.0 0.0 -1.0 0.0 0.0 2.0 0.0 0.0 0.0 
-0.99999040898123193 -1.0 0.0 -1.0 0.0 0.0 0.0 0.0 2.9999904089812319 0.0 0.0 
0.0 0.0 0.0 0.0 0.0 -0.99999039476868767 0.0 0.0 0.0 1.9999903947686877 -1.0 
-1.0 0.0 0.0 0.0 0.0 0.0 0.0 0.0 0.0 -1.0 2.0 

3.9999820986083412 0.0 0.0 0.0 0.0 0.0 -0.99999104930417071 -1.0 -0.99999104930417071 0.0 -1.0 
0.0 2.0 -1.0 0.0 0.0 0.0 0.0 0.0 -1.0 0.0 0.0 
0.0 -1.0 3.0 -1.0 0.0 -1.0 0.0 0.0 0.0 0.0 0.0 
0.0 0.0 -1.0 2.9999910410013362 -0.9999910410013364 0.0 0.0 0.0 -1.0 0.0 0.0 
0.0 0.0 0.0 -0.9999910410013364 2.9999820897208149 -0.99999104871947853 0.0 -1.0 0.0 0.0 0.0 
0.0 0.0 -1.0 0.0 -0.99999104871947853 2.9999821465402134 0.0 0.0 0.0 -0.99999109782073492 0.0 
-0.99999104930417071 0.0 0.0 0.0 0.0 0.0 0.99999104930417071 0.0 0.0 0.0 0.0 
-1.0 0.0 0.0 0.0 -1.0 0.0 0.0 2.0 0.0 0.0 0.0 
-0.99999104930417071 -1.0 0.0 -1.0 0.0 0.0 0.0 0.0 2.9999910493041706 0.0 0.0 
0.0 0.0 0.0 0.0 0.0 -0.99999109782073492 0.0 0.0 0.0 1.9999910978207349 -1.0 
-1.0 0.0 0.0 0.0 0.0 0.0 0.0 0.0 0.0 -1.0 2.0 

3.9999916301832643 0.0 0.0 0.0 0.0 0.0 -0.99999581509163205 -1.0 -0.99999581509163205 0.0 -1.0 
0.0 2.0 -1.0 0.0 0.0 0.0 0.0 0.0 -1.0 0.0 0.0 
0.0 -1.0 3.0 -1.0 0.0 -1.0 0.0 0.0 0.0 0.0 0.0 
0.0 0.0 -1.0 2.9999958188638924 -0.99999581886389244 0.0 0.0 0.0 -1.0 0.0 0.0 
0.0 0.0 0.0 -0.99999581886389244 2.9999916335271037 -0.99999581466321119 0.0 -1.0 0.0 0.0 0.0 
0.0 0.0 -1.0 0.0 -0.99999581466321119 2.9999916138337417 0.0 0.0 0.0 -0.99999579917053061 0.0 
-0.99999581509163205 0.0 0.0 0.0 0.0 0.0 0.99999581509163205 0.0 0.0 0.0 0.0 
-1.0 0.0 0.0 0.0 -1.0 0.0 0.0 2.0 0.0 0.0 0.0 
-0.99999581509163205 -1.0 0.0 -1.0 0.0 0.0 0.0 0.0 2.9999958150916322 0.0 0.0 
0.0 0.0 0.0 0.0 0.0 -0.99999579917053061 0.0 0.0 0.0 1.9999957991705306 -1.0 
-1.0 0.0 0.0 0.0 0.0 0.0 0.0 0.0 0.0 -1.0 2.0 

3.9999626345234356 0.0 0.0 0.0 0.0 0.0 -0.99998131726171791 -1.0 -0.99998131726171791 0.0 -1.0 
0.0 2.0 -1.0 0.0 0.0 0.0 0.0 0.0 -1.0 0.0 0.0 
0.0 -1.0 3.0 -1.0 0.0 -1.0 0.0 0.0 0.0 0.0 0.0 
0.0 0.0 -1.0 2.9999746112018415 -0.99997461120184161 0.0 0.0 0.0 -1.0 0.0 0.0 
0.0 0.0 0.0 -0.99997461120184161 2.999955919949914 -0.99998130874807234 0.0 -1.0 0.0 0.0 0.0 
0.0 0.0 -1.0 0.0 -0.99998130874807234 2.9999626422999524 0.0 0.0 0.0 -0.9999813335518799 0.0 
-0.99998131726171791 0.0 0.0 0.0 0.0 0.0 0.99998131726171791 0.0 0.0 0.0 0.0 
-1.0 0.0 0.0 0.0 -1.0 0.0 0.0 2.0 0.0 0.0 0.0 
-0.99998131726171791 -1.0 0.0 -1.0 0.0 0.0 0.0 0.0 2.9999813172617178 0.0 0.0 
0.0 0.0 0.0 0.0 0.0 -0.9999813335518799 0.0 0.0 0.0 1.9999813335518799 -1.0 
-1.0 0.0 0.0 0.0 0.0 0.0 0.0 0.0 0.0 -1.0 2.0 

3.9999826822222184 0.0 0.0 0.0 0.0 0.0 -0.99999134111110932 -1.0 -0.99999134111110932 0.0 -1.0 
0.0 2.0 -1.0 0.0 0.0 0.0 0.0 0.0 -1.0 0.0 0.0 
0.0 -1.0 3.0 -1.0 0.0 -1.0 0.0 0.0 0.0 0.0 0.0 
0.0 0.0 -1.0 2.9999913395126914 -0.99999133951269115 0.0 0.0 0.0 -1.0 0.0 0.0 
0.0 0.0 0.0 -0.99999133951269115 2.9999826794697477 -0.99999133995705647 0.0 -1.0 0.0 0.0 0.0 
0.0 0.0 -1.0 0.0 -0.99999133995705647 2.9999826732031378 0.0 0.0 0.0 -0.99999133324608136 0.0 
-0.99999134111110932 0.0 0.0 0.0 0.0 0.0 0.99999134111110932 0.0 0.0 0.0 0.0 
-1.0 0.0 0.0 0.0 -1.0 0.0 0.0 2.0 0.0 0.0 0.0 
-0.99999134111110932 -1.0 0.0 -1.0 0.0 0.0 0.0 0.0 2.9999913411111092 0.0 0.0 
0.0 0.0 0.0 0.0 0.0 -0.99999133324608136 0.0 0.0 0.0 1.9999913332460815 -1.0 
-1.0 0.0 0.0 0.0 0.0 0.0 0.0 0.0 0.0 -1.0 2.0 

3.9999916803027959 0.0 0.0 0.0 0.0 0.0 -0.99999584015139797 -1.0 -0.99999584015139797 0.0 -1.0 
0.0 2.0 -1.0 0.0 0.0 0.0 0.0 0.0 -1.0 0.0 0.0 
0.0 -1.0 3.0 -1.0 0.0 -1.0 0.0 0.0 0.0 0.0 0.0 
0.0 0.0 -1.0 2.9999958378843092 -0.99999583788430924 0.0 0.0 0.0 -1.0 0.0 0.0 
0.0 0.0 0.0 -0.99999583788430924 2.9999916814777023 -0.99999584359339311 0.0 -1.0 0.0 0.0 0.0 
0.0 0.0 -1.0 0.0 -0.99999584359339311 2.999991681686212 0.0 0.0 0.0 -0.99999583809281889 0.0 
-0.99999584015139797 0.0 0.0 0.0 0.0 0.0 0.99999584015139797 0.0 0.0 0.0 0.0 
-1.0 0.0 0.0 0.0 -1.0 0.0 0.0 2.0 0.0 0.0 0.0 
-0.99999584015139797 -1.0 0.0 -1.0 0.0 0.0 0.0 0.0 2.999995840151398 0.0 0.0 
0.0 0.0 0.0 0.0 0.0 -0.99999583809281889 0.0 0.0 0.0 1.9999958380928189 -1.0 
-1.0 0.0 0.0 0.0 0.0 0.0 0.0 0.0 0.0 -1.0 2.0 

3.9999809669896225 0.0 0.0 0.0 0.0 0.0 -0.99999048349481134 -1.0 -0.99999048349481134 0.0 -1.0 
0.0 2.0 -1.0 0.0 0.0 0.0 0.0 0.0 -1.0 0.0 0.0 
0.0 -1.0 3.0 -1.0 0.0 -1.0 0.0 0.0 0.0 0.0 0.0 
0.0 0.0 -1.0 2.9999904894432818 -0.99999048944328206 0.0 0.0 0.0 -1.0 0.0 0.0 
0.0 0.0 0.0 -0.99999048944328206 2.9999744509157318 -0.99998396147244961 0.0 -1.0 0.0 0.0 0.0 
0.0 0.0 -1.0 0.0 -0.99998396147244961 2.9999744516476117 0.0 0.0 0.0 -0.99999049017516217 0.0 
-0.99999048349481134 0.0 0.0 0.0 0.0 0.0 0.99999048349481134 0.0 0.0 0.0 0.0 
-1.0 0.0 0.0 0.0 -1.0 0.0 0.0 2.0 0.0 0.0 0.0 
-0.99999048349481134 -1.0 0.0 -1.0 0.0 0.0 0.0 0.0 2.9999904834948112 0.0 0.0 
0.0 0.0 0.0 0.0 0.0 -0.99999049017516217 0.0 0.0 0.0 1.9999904901751622 -1.0 
-1.0 0.0 0.0 0.0 0.0 0.0 0.0 0.0 0.0 -1.0 2.0 

3.9999823739904286 0.0 0.0 0.0 0.0 0.0 -0.99999118699521428 -1.0 -0.99999118699521428 0.0 -1.0 
0.0 2.0 -1.0 0.0 0.0 0.0 0.0 0.0 -1.0 0.0 0.0 
0.0 -1.0 3.0 -1.0 0.0 -1.0 0.0 0.0 0.0 0.0 0.0 
0.0 0.0 -1.0 2.9999911913591308 -0.99999119135913062 0.0 0.0 0.0 -1.0 0.0 0.0 
0.0 0.0 0.0 -0.99999119135913062 2.999982382763112 -0.99999119140398141 0.0 -1.0 0.0 0.0 0.0 
0.0 0.0 -1.0 0.0 -0.99999119140398141 2.9999823745421152 0.0 0.0 0.0 -0.99999118313813395 0.0 
-0.99999118699521428 0.0 0.0 0.0 0.0 0.0 0.99999118699521428 0.0 0.0 0.0 0.0 
-1.0 0.0 0.0 0.0 -1.0 0.0 0.0 2.0 0.0 0.0 0.0 
-0.99999118699521428 -1.0 0.0 -1.0 0.0 0.0 0.0 0.0 2.9999911869952145 0.0 0.0 
0.0 0.0 0.0 0.0 0.0 -0.99999118313813395 0.0 0.0 0.0 1.9999911831381341 -1.0 
-1.0 0.0 0.0 0.0 0.0 0.0 0.0 0.0 0.0 -1.0 2.0 

3.9999917672363958 0.0 0.0 0.0 0.0 0.0 -0.99999588361819791 -1.0 -0.99999588361819791 0.0 -1.0 
0.0 2.0 -1.0 0.0 0.0 0.0 0.0 0.0 -1.0 0.0 0.0 
0.0 -1.0 3.0 -1.0 0.0 -1.0 0.0 0.0 0.0 0.0 0.0 
0.0 0.0 -1.0 2.9999958812817606 -0.99999588128176042 0.0 0.0 0.0 -1.0 0.0 0.0 
0.0 0.0 0.0 -0.99999588128176042 2.9999917651928074 -0.99999588391104677 0.0 -1.0 0.0 0.0 0.0 
0.0 0.0 -1.0 0.0 -0.99999588391104677 2.9999917832888658 0.0 0.0 0.0 -0.99999589937781919 0.0 
-0.99999588361819791 0.0 0.0 0.0 0.0 0.0 0.99999588361819791 0.0 0.0 0.0 0.0 
-1.0 0.0 0.0 0.0 -1.0 0.0 0.0 2.0 0.0 0.0 0.0 
-0.99999588361819791 -1.0 0.0 -1.0 0.0 0.0 0.0 0.0 2.9999958836181979 0.0 0.0 
0.0 0.0 0.0 0.0 0.0 -0.99999589937781919 0.0 0.0 0.0 1.9999958993778191 -1.0 
-1.0 0.0 0.0 0.0 0.0 0.0 0.0 0.0 0.0 -1.0 2.0 

4.0 0.0 0.0 0.0 0.0 0.0 -1.0 -1.0 -1.0 0.0 -1.0 
0.0 2.0 -1.0 0.0 0.0 0.0 0.0 0.0 -1.0 0.0 0.0 
0.0 -1.0 3.0 -1.0 0.0 -1.0 0.0 0.0 0.0 0.0 0.0 
0.0 0.0 -1.0 3.0 -1.0 0.0 0.0 0.0 -1.0 0.0 0.0 
0.0 0.0 0.0 -1.0 3.0 -1.0 0.0 -1.0 0.0 0.0 0.0 
0.0 0.0 -1.0 0.0 -1.0 2.9999931869967851 0.0 0.0 0.0 -0.9999931869967853 0.0 
-1.0 0.0 0.0 0.0 0.0 0.0 1.0 0.0 0.0 0.0 0.0 
-1.0 0.0 0.0 0.0 -1.0 0.0 0.0 2.0 0.0 0.0 0.0 
-1.0 -1.0 0.0 -1.0 0.0 0.0 0.0 0.0 3.0 0.0 0.0 
0.0 0.0 0.0 0.0 0.0 -0.9999931869967853 0.0 0.0 0.0 1.9999931869967853 -1.0 
-1.0 0.0 0.0 0.0 0.0 0.0 0.0 0.0 0.0 -1.0 2.0 

3.9999806221130374 0.0 0.0 0.0 0.0 0.0 -0.9999903110565187 -1.0 -0.9999903110565187 0.0 -1.0 
0.0 2.0 -1.0 0.0 0.0 0.0 0.0 0.0 -1.0 0.0 0.0 
0.0 -1.0 3.0 -1.0 0.0 -1.0 0.0 0.0 0.0 0.0 0.0 
0.0 0.0 -1.0 2.9999903101979748 -0.9999903101979748 0.0 0.0 0.0 -1.0 0.0 0.0 
0.0 0.0 0.0 -0.9999903101979748 2.999980620454632 -0.99999031025665708 0.0 -1.0 0.0 0.0 0.0 
0.0 0.0 -1.0 0.0 -0.99999031025665708 2.999980620402126 0.0 0.0 0.0 -0.99999031014546891 0.0 
-0.9999903110565187 0.0 0.0 0.0 0.0 0.0 0.9999903110565187 0.0 0.0 0.0 0.0 
-1.0 0.0 0.0 0.0 -1.0 0.0 0.0 2.0 0.0 0.0 0.0 
-0.9999903110565187 -1.0 0.0 -1.0 0.0 0.0 0.0 0.0 2.9999903110565187 0.0 0.0 
0.0 0.0 0.0 0.0 0.0 -0.99999031014546891 0.0 0.0 0.0 1.9999903101454688 -1.0 
-1.0 0.0 0.0 0.0 0.0 0.0 0.0 0.0 0.0 -1.0 2.0 

3.9999916819741448 0.0 0.0 0.0 0.0 0.0 -0.99999584098707239 -1.0 -0.99999584098707239 0.0 -1.0 
0.0 2.0 -1.0 0.0 0.0 0.0 0.0 0.0 -1.0 0.0 0.0 
0.0 -1.0 3.0 -1.0 0.0 -1.0 0.0 0.0 0.0 0.0 0.0 
0.0 0.0 -1.0 2.9999958383106624 -0.99999583831066241 0.0 0.0 0.0 -1.0 0.0 0.0 
0.0 0.0 0.0 -0.99999583831066241 2.9999916768471628 -0.99999583853650065 0.0 -1.0 0.0 0.0 0.0 
0.0 0.0 -1.0 0.0 -0.99999583853650065 2.9999916800293533 0.0 0.0 0.0 -0.9999958414928527 0.0 
-0.99999584098707239 0.0 0.0 0.0 0.0 0.0 0.99999584098707239 0.0 0.0 0.0 0.0 
-1.0 0.0 0.0 0.0 -1.0 0.0 0.0 2.0 0.0 0.0 0.0 
-0.99999584098707239 -1.0 0.0 -1.0 0.0 0.0 0.0 0.0 2.9999958409870722 0.0 0.0 
0.0 0.0 0.0 0.0 0.0 -0.9999958414928527 0.0 0.0 0.0 1.9999958414928527 -1.0 
-1.0 0.0 0.0 0.0 0.0 0.0 0.0 0.0 0.0 -1.0 2.0 

4.0 0.0 0.0 0.0 0.0 0.0 -1.0 -1.0 -1.0 0.0 -1.0 
0.0 2.0 -1.0 0.0 0.0 0.0 0.0 0.0 -1.0 0.0 0.0 
0.0 -1.0 3.0 -1.0 0.0 -1.0 0.0 0.0 0.0 0.0 0.0 
0.0 0.0 -1.0 3.0 -1.0 0.0 0.0 0.0 -1.0 0.0 0.0 
0.0 0.0 0.0 -1.0 3.0 -1.0 0.0 -1.0 0.0 0.0 0.0 
0.0 0.0 -1.0 0.0 -1.0 3.0 0.0 0.0 0.0 -1.0 0.0 
-1.0 0.0 0.0 0.0 0.0 0.0 1.0 0.0 0.0 0.0 0.0 
-1.0 0.0 0.0 0.0 -1.0 0.0 0.0 2.0 0.0 0.0 0.0 
-1.0 -1.0 0.0 -1.0 0.0 0.0 0.0 0.0 3.0 0.0 0.0 
0.0 0.0 0.0 0.0 0.0 -1.0 0.0 0.0 0.0 2.0 -1.0 
-1.0 0.0 0.0 0.0 0.0 0.0 0.0 0.0 0.0 -1.0 2.0 

3.9999803920809809 0.0 0.0 0.0 0.0 0.0 -0.99999019604049033 -1.0 -0.99999019604049033 0.0 -1.0 
0.0 2.0 -1.0 0.0 0.0 0.0 0.0 0.0 -1.0 0.0 0.0 
0.0 -1.0 3.0 -1.0 0.0 -1.0 0.0 0.0 0.0 0.0 0.0 
0.0 0.0 -1.0 2.9999834733898982 -0.99998347338989824 0.0 0.0 0.0 -1.0 0.0 0.0 
0.0 0.0 0.0 -0.99998347338989824 2.9999736634066911 -0.99999019001679312 0.0 -1.0 0.0 0.0 0.0 
0.0 0.0 -1.0 0.0 -0.99999019001679312 2.9999803973980441 0.0 0.0 0.0 -0.99999020738125077 0.0 
-0.99999019604049033 0.0 0.0 0.0 0.0 0.0 0.99999019604049033 0.0 0.0 0.0 0.0 
-1.0 0.0 0.0 0.0 -1.0 0.0 0.0 2.0 0.0 0.0 0.0 
-0.99999019604049033 -1.0 0.0 -1.0 0.0 0.0 0.0 0.0 2.9999901960404904 0.0 0.0 
0.0 0.0 0.0 0.0 0.0 -0.99999020738125077 0.0 0.0 0.0 1.9999902073812508 -1.0 
-1.0 0.0 0.0 0.0 0.0 0.0 0.0 0.0 0.0 -1.0 2.0 

4.0 0.0 0.0 0.0 0.0 0.0 -1.0 -1.0 -1.0 0.0 -1.0 
0.0 2.0 -1.0 0.0 0.0 0.0 0.0 0.0 -1.0 0.0 0.0 
0.0 -1.0 3.0 -1.0 0.0 -1.0 0.0 0.0 0.0 0.0 0.0 
0.0 0.0 -1.0 3.0 -1.0 0.0 0.0 0.0 -1.0 0.0 0.0 
0.0 0.0 0.0 -1.0 3.0 -1.0 0.0 -1.0 0.0 0.0 0.0 
0.0 0.0 -1.0 0.0 -1.0 3.0 0.0 0.0 0.0 -1.0 0.0 
-1.0 0.0 0.0 0.0 0.0 0.0 1.0 0.0 0.0 0.0 0.0 
-1.0 0.0 0.0 0.0 -1.0 0.0 0.0 2.0 0.0 0.0 0.0 
-1.0 -1.0 0.0 -1.0 0.0 0.0 0.0 0.0 3.0 0.0 0.0 
0.0 0.0 0.0 0.0 0.0 -1.0 0.0 0.0 0.0 2.0 -1.0 
-1.0 0.0 0.0 0.0 0.0 0.0 0.0 0.0 0.0 -1.0 2.0 

3.9999740120884715 0.0 0.0 0.0 0.0 0.0 -0.99998700604423574 -1.0 -0.99998700604423574 0.0 -1.0 
0.0 2.0 -1.0 0.0 0.0 0.0 0.0 0.0 -1.0 0.0 0.0 
0.0 -1.0 3.0 -1.0 0.0 -1.0 0.0 0.0 0.0 0.0 0.0 
0.0 0.0 -1.0 2.9999869955994951 -0.99998699559949522 0.0 0.0 0.0 -1.0 0.0 0.0 
0.0 0.0 0.0 -0.99998699559949522 2.9999739922017818 -0.9999869966022864 0.0 -1.0 0.0 0.0 0.0 
0.0 0.0 -1.0 0.0 -0.9999869966022864 2.999974007077967 0.0 0.0 0.0 -0.99998701047568062 0.0 
-0.99998700604423574 0.0 0.0 0.0 0.0 0.0 0.99998700604423574 0.0 0.0 0.0 0.0 
-1.0 0.0 0.0 0.0 -1.0 0.0 0.0 2.0 0.0 0.0 0.0 
-0.99998700604423574 -1.0 0.0 -1.0 0.0 0.0 0.0 0.0 2.9999870060442357 0.0 0.0 
0.0 0.0 0.0 0.0 0.0 -0.99998701047568062 0.0 0.0 0.0 1.9999870104756807 -1.0 
-1.0 0.0 0.0 0.0 0.0 0.0 0.0 0.0 0.0 -1.0 2.0 

3.9999804260615401 0.0 0.0 0.0 0.0 0.0 -0.99999021303077007 -1.0 -0.99999021303077007 0.0 -1.0 
0.0 2.0 -1.0 0.0 0.0 0.0 0.0 0.0 -1.0 0.0 0.0 
0.0 -1.0 3.0 -1.0 0.0 -1.0 0.0 0.0 0.0 0.0 0.0 
0.0 0.0 -1.0 2.9999902150531752 -0.99999021505317509 0.0 0.0 0.0 -1.0 0.0 0.0 
0.0 0.0 0.0 -0.99999021505317509 2.9999737321770161 -0.99998351712384115 0.0 -1.0 0.0 0.0 0.0 
0.0 0.0 -1.0 0.0 -0.99998351712384115 2.9999737299687097 0.0 0.0 0.0 -0.99999021284486844 0.0 
-0.99999021303077007 0.0 0.0 0.0 0.0 0.0 0.99999021303077007 0.0 0.0 0.0 0.0 
-1.0 0.0 0.0 0.0 -1.0 0.0 0.0 2.0 0.0 0.0 0.0 
-0.99999021303077007 -1.0 0.0 -1.0 0.0 0.0 0.0 0.0 2.9999902130307703 0.0 0.0 
0.0 0.0 0.0 0.0 0.0 -0.99999021284486844 0.0 0.0 0.0 1.9999902128448683 -1.0 
-1.0 0.0 0.0 0.0 0.0 0.0 0.0 0.0 0.0 -1.0 2.0 

3.9999825674856524 0.0 0.0 0.0 0.0 0.0 -0.99999128374282631 -1.0 -0.99999128374282631 0.0 -1.0 
0.0 2.0 -1.0 0.0 0.0 0.0 0.0 0.0 -1.0 0.0 0.0 
0.0 -1.0 3.0 -1.0 0.0 -1.0 0.0 0.0 0.0 0.0 0.0 
0.0 0.0 -1.0 2.9999912811785276 -0.99999128117852765 0.0 0.0 0.0 -1.0 0.0 0.0 
0.0 0.0 0.0 -0.99999128117852765 2.999982563850792 -0.99999128267226411 0.0 -1.0 0.0 0.0 0.0 
0.0 0.0 -1.0 0.0 -0.99999128267226411 2.999982565102929 0.0 0.0 0.0 -0.99999128243066493 0.0 
-0.99999128374282631 0.0 0.0 0.0 0.0 0.0 0.99999128374282631 0.0 0.0 0.0 0.0 
-1.0 0.0 0.0 0.0 -1.0 0.0 0.0 2.0 0.0 0.0 0.0 
-0.99999128374282631 -1.0 0.0 -1.0 0.0 0.0 0.0 0.0 2.9999912837428262 0.0 0.0 
0.0 0.0 0.0 0.0 0.0 -0.99999128243066493 0.0 0.0 0.0 1.9999912824306649 -1.0 
-1.0 0.0 0.0 0.0 0.0 0.0 0.0 0.0 0.0 -1.0 2.0 

3.9999916400607516 0.0 0.0 0.0 0.0 0.0 -0.99999582003037568 -1.0 -0.99999582003037568 0.0 -1.0 
0.0 2.0 -1.0 0.0 0.0 0.0 0.0 0.0 -1.0 0.0 0.0 
0.0 -1.0 3.0 -1.0 0.0 -1.0 0.0 0.0 0.0 0.0 0.0 
0.0 0.0 -1.0 2.9999958204792647 -0.99999582047926461 0.0 0.0 0.0 -1.0 0.0 0.0 
0.0 0.0 0.0 -0.99999582047926461 2.9999916427113726 -0.99999582223210792 0.0 -1.0 0.0 0.0 0.0 
0.0 0.0 -1.0 0.0 -0.99999582223210792 2.99998488789775 0.0 0.0 0.0 -0.99998906566564216 0.0 
-0.99999582003037568 0.0 0.0 0.0 0.0 0.0 0.99999582003037568 0.0 0.0 0.0 0.0 
-1.0 0.0 0.0 0.0 -1.0 0.0 0.0 2.0 0.0 0.0 0.0 
-0.99999582003037568 -1.0 0.0 -1.0 0.0 0.0 0.0 0.0 2.9999958200303758 0.0 0.0 
0.0 0.0 0.0 0.0 0.0 -0.99998906566564216 0.0 0.0 0.0 1.9999890656656421 -1.0 
-1.0 0.0 0.0 0.0 0.0 0.0 0.0 0.0 0.0 -1.0 2.0 

3.9999636450585947 0.0 0.0 0.0 0.0 0.0 -0.99998182252929735 -1.0 -0.99998182252929735 0.0 -1.0 
0.0 2.0 -1.0 0.0 0.0 0.0 0.0 0.0 -1.0 0.0 0.0 
0.0 -1.0 3.0 -1.0 0.0 -1.0 0.0 0.0 0.0 0.0 0.0 
0.0 0.0 -1.0 2.999981824998013 -0.99998182499801291 0.0 0.0 0.0 -1.0 0.0 0.0 
0.0 0.0 0.0 -0.99998182499801291 2.9999636413525863 -0.99998181635457362 0.0 -1.0 0.0 0.0 0.0 
0.0 0.0 -1.0 0.0 -0.99998181635457362 2.9999636310295799 0.0 0.0 0.0 -0.99998181467500624 0.0 
-0.99998182252929735 0.0 0.0 0.0 0.0 0.0 0.99998182252929735 0.0 0.0 0.0 0.0 
-1.0 0.0 0.0 0.0 -1.0 0.0 0.0 2.0 0.0 0.0 0.0 
-0.99998182252929735 -1.0 0.0 -1.0 0.0 0.0 0.0 0.0 2.9999818225292971 0.0 0.0 
0.0 0.0 0.0 0.0 0.0 -0.99998181467500624 0.0 0.0 0.0 1.9999818146750061 -1.0 
-1.0 0.0 0.0 0.0 0.0 0.0 0.0 0.0 0.0 -1.0 2.0 

4.0 0.0 0.0 0.0 0.0 0.0 -1.0 -1.0 -1.0 0.0 -1.0 
0.0 2.0 -1.0 0.0 0.0 0.0 0.0 0.0 -1.0 0.0 0.0 
0.0 -1.0 3.0 -1.0 0.0 -1.0 0.0 0.0 0.0 0.0 0.0 
0.0 0.0 -1.0 3.0 -1.0 0.0 0.0 0.0 -1.0 0.0 0.0 
0.0 0.0 0.0 -1.0 3.0 -1.0 0.0 -1.0 0.0 0.0 0.0 
0.0 0.0 -1.0 0.0 -1.0 3.0 0.0 0.0 0.0 -1.0 0.0 
-1.0 0.0 0.0 0.0 0.0 0.0 1.0 0.0 0.0 0.0 0.0 
-1.0 0.0 0.0 0.0 -1.0 0.0 0.0 2.0 0.0 0.0 0.0 
-1.0 -1.0 0.0 -1.0 0.0 0.0 0.0 0.0 3.0 0.0 0.0 
0.0 0.0 0.0 0.0 0.0 -1.0 0.0 0.0 0.0 2.0 -1.0 
-1.0 0.0 0.0 0.0 0.0 0.0 0.0 0.0 0.0 -1.0 2.0 

3.9999920727181308 0.0 0.0 0.0 0.0 0.0 -0.99999603635906553 -1.0 -0.99999603635906553 0.0 -1.0 
0.0 2.0 -1.0 0.0 0.0 0.0 0.0 0.0 -1.0 0.0 0.0 
0.0 -1.0 3.0 -1.0 0.0 -1.0 0.0 0.0 0.0 0.0 0.0 
0.0 0.0 -1.0 2.9999960378144142 -0.99999603781441437 0.0 0.0 0.0 -1.0 0.0 0.0 
0.0 0.0 0.0 -0.99999603781441437 2.9999920593460327 -0.99999602153161826 0.0 -1.0 0.0 0.0 0.0 
0.0 0.0 -1.0 0.0 -0.99999602153161826 2.9999920584845854 0.0 0.0 0.0 -0.99999603695296724 0.0 
-0.99999603635906553 0.0 0.0 0.0 0.0 0.0 0.99999603635906553 0.0 0.0 0.0 0.0 
-1.0 0.0 0.0 0.0 -1.0 0.0 0.0 2.0 0.0 0.0 0.0 
-0.99999603635906553 -1.0 0.0 -1.0 0.0 0.0 0.0 0.0 2.9999960363590654 0.0 0.0 
0.0 0.0 0.0 0.0 0.0 -0.99999603695296724 0.0 0.0 0.0 1.9999960369529672 -1.0 
-1.0 0.0 0.0 0.0 0.0 0.0 0.0 0.0 0.0 -1.0 2.0 

4.0 0.0 0.0 0.0 0.0 0.0 -1.0 -1.0 -1.0 0.0 -1.0 
0.0 2.0 -1.0 0.0 0.0 0.0 0.0 0.0 -1.0 0.0 0.0 
0.0 -1.0 3.0 -1.0 0.0 -1.0 0.0 0.0 0.0 0.0 0.0 
0.0 0.0 -1.0 2.9999934961078272 -0.99999349610782706 0.0 0.0 0.0 -1.0 0.0 0.0 
0.0 0.0 0.0 -0.99999349610782706 2.9999934961078272 -1.0 0.0 -1.0 0.0 0.0 0.0 
0.0 0.0 -1.0 0.0 -1.0 3.0 0.0 0.0 0.0 -1.0 0.0 
-1.0 0.0 0.0 0.0 0.0 0.0 1.0 0.0 0.0 0.0 0.0 
-1.0 0.0 0.0 0.0 -1.0 0.0 0.0 2.0 0.0 0.0 0.0 
-1.0 -1.0 0.0 -1.0 0.0 0.0 0.0 0.0 3.0 0.0 0.0 
0.0 0.0 0.0 0.0 0.0 -1.0 0.0 0.0 0.0 2.0 -1.0 
-1.0 0.0 0.0 0.0 0.0 0.0 0.0 0.0 0.0 -1.0 2.0 

3.9999626588589736 0.0 0.0 0.0 0.0 0.0 -0.99998132942948681 -1.0 -0.99998132942948681 0.0 -1.0 
0.0 2.0 -1.0 0.0 0.0 0.0 0.0 0.0 -1.0 0.0 0.0 
0.0 -1.0 3.0 -1.0 0.0 -1.0 0.0 0.0 0.0 0.0 0.0 
0.0 0.0 -1.0 2.9999813307318077 -0.99998133073180762 0.0 0.0 0.0 -1.0 0.0 0.0 
0.0 0.0 0.0 -0.99998133073180762 2.9999626612055659 -0.99998133047375848 0.0 -1.0 0.0 0.0 0.0 
0.0 0.0 -1.0 0.0 -0.99998133047375848 2.9999626700889075 0.0 0.0 0.0 -0.99998133961514879 0.0 
-0.99998132942948681 0.0 0.0 0.0 0.0 0.0 0.99998132942948681 0.0 0.0 0.0 0.0 
-1.0 0.0 0.0 0.0 -1.0 0.0 0.0 2.0 0.0 0.0 0.0 
-0.99998132942948681 -1.0 0.0 -1.0 0.0 0.0 0.0 0.0 2.9999813294294868 0.0 0.0 
0.0 0.0 0.0 0.0 0.0 -0.99998133961514879 0.0 0.0 0.0 1.9999813396151489 -1.0 
-1.0 0.0 0.0 0.0 0.0 0.0 0.0 0.0 0.0 -1.0 2.0 

4.0 0.0 0.0 0.0 0.0 0.0 -1.0 -1.0 -1.0 0.0 -1.0 
0.0 2.0 -1.0 0.0 0.0 0.0 0.0 0.0 -1.0 0.0 0.0 
0.0 -1.0 3.0 -1.0 0.0 -1.0 0.0 0.0 0.0 0.0 0.0 
0.0 0.0 -1.0 3.0 -1.0 0.0 0.0 0.0 -1.0 0.0 0.0 
0.0 0.0 0.0 -1.0 3.0 -1.0 0.0 -1.0 0.0 0.0 0.0 
0.0 0.0 -1.0 0.0 -1.0 3.0 0.0 0.0 0.0 -1.0 0.0 
-1.0 0.0 0.0 0.0 0.0 0.0 1.0 0.0 0.0 0.0 0.0 
-1.0 0.0 0.0 0.0 -1.0 0.0 0.0 2.0 0.0 0.0 0.0 
-1.0 -1.0 0.0 -1.0 0.0 0.0 0.0 0.0 3.0 0.0 0.0 
0.0 0.0 0.0 0.0 0.0 -1.0 0.0 0.0 0.0 2.0 -1.0 
-1.0 0.0 0.0 0.0 0.0 0.0 0.0 0.0 0.0 -1.0 2.0 

3.9999916207591815 0.0 0.0 0.0 0.0 0.0 -0.99999581037959062 -1.0 -0.99999581037959062 0.0 -1.0 
0.0 2.0 -1.0 0.0 0.0 0.0 0.0 0.0 -1.0 0.0 0.0 
0.0 -1.0 3.0 -1.0 0.0 -1.0 0.0 0.0 0.0 0.0 0.0 
0.0 0.0 -1.0 2.9999958097740898 -0.99999580977408997 0.0 0.0 0.0 -1.0 0.0 0.0 
0.0 0.0 0.0 -0.99999580977408997 2.9999849049903591 -0.99998909521626911 0.0 -1.0 0.0 0.0 0.0 
0.0 0.0 -1.0 0.0 -0.99998909521626911 2.9999849054563525 0.0 0.0 0.0 -0.99999581024008355 0.0 
-0.99999581037959062 0.0 0.0 0.0 0.0 0.0 0.99999581037959062 0.0 0.0 0.0 0.0 
-1.0 0.0 0.0 0.0 -1.0 0.0 0.0 2.0 0.0 0.0 0.0 
-0.99999581037959062 -1.0 0.0 -1.0 0.0 0.0 0.0 0.0 2.9999958103795907 0.0 0.0 
0.0 0.0 0.0 0.0 0.0 -0.99999581024008355 0.0 0.0 0.0 1.9999958102400837 -1.0 
-1.0 0.0 0.0 0.0 0.0 0.0 0.0 0.0 0.0 -1.0 2.0 

3.999980366703479 0.0 0.0 0.0 0.0 0.0 -0.9999901833517395 -1.0 -0.9999901833517395 0.0 -1.0 
0.0 2.0 -1.0 0.0 0.0 0.0 0.0 0.0 -1.0 0.0 0.0 
0.0 -1.0 3.0 -1.0 0.0 -1.0 0.0 0.0 0.0 0.0 0.0 
0.0 0.0 -1.0 2.9999901730258611 -0.99999017302586113 0.0 0.0 0.0 -1.0 0.0 0.0 
0.0 0.0 0.0 -0.99999017302586113 2.9999803387241402 -0.99999016569827914 0.0 -1.0 0.0 0.0 0.0 
0.0 0.0 -1.0 0.0 -0.99999016569827914 2.9999803291818297 0.0 0.0 0.0 -0.99999016348355052 0.0 
-0.9999901833517395 0.0 0.0 0.0 0.0 0.0 0.9999901833517395 0.0 0.0 0.0 0.0 
-1.0 0.0 0.0 0.0 -1.0 0.0 0.0 2.0 0.0 0.0 0.0 
-0.9999901833517395 -1.0 0.0 -1.0 0.0 0.0 0.0 0.0 2.9999901833517395 0.0 0.0 
0.0 0.0 0.0 0.0 0.0 -0.99999016348355052 0.0 0.0 0.0 1.9999901634835506 -1.0 
-1.0 0.0 0.0 0.0 0.0 0.0 0.0 0.0 0.0 -1.0 2.0 

4.0 0.0 0.0 0.0 0.0 0.0 -1.0 -1.0 -1.0 0.0 -1.0 
0.0 2.0 -1.0 0.0 0.0 0.0 0.0 0.0 -1.0 0.0 0.0 
0.0 -1.0 3.0 -1.0 0.0 -1.0 0.0 0.0 0.0 0.0 0.0 
0.0 0.0 -1.0 3.0 -1.0 0.0 0.0 0.0 -1.0 0.0 0.0 
0.0 0.0 0.0 -1.0 3.0 -1.0 0.0 -1.0 0.0 0.0 0.0 
0.0 0.0 -1.0 0.0 -1.0 3.0 0.0 0.0 0.0 -1.0 0.0 
-1.0 0.0 0.0 0.0 0.0 0.0 1.0 0.0 0.0 0.0 0.0 
-1.0 0.0 0.0 0.0 -1.0 0.0 0.0 2.0 0.0 0.0 0.0 
-1.0 -1.0 0.0 -1.0 0.0 0.0 0.0 0.0 3.0 0.0 0.0 
0.0 0.0 0.0 0.0 0.0 -1.0 0.0 0.0 0.0 2.0 -1.0 
-1.0 0.0 0.0 0.0 0.0 0.0 0.0 0.0 0.0 -1.0 2.0 

3.9999850509203028 0.0 0.0 0.0 0.0 0.0 -0.99999252546015138 -1.0 -0.99999252546015138 0.0 -1.0 
0.0 2.0 -1.0 0.0 0.0 0.0 0.0 0.0 -1.0 0.0 0.0 
0.0 -1.0 3.0 -1.0 0.0 -1.0 0.0 0.0 0.0 0.0 0.0 
0.0 0.0 -1.0 2.9999925253686412 -0.99999252536864114 0.0 0.0 0.0 -1.0 0.0 0.0 
0.0 0.0 0.0 -0.99999252536864114 2.9999850507541397 -0.99999252538549843 0.0 -1.0 0.0 0.0 0.0 
0.0 0.0 -1.0 0.0 -0.99999252538549843 2.999978290473345 0.0 0.0 0.0 -0.99998576508784642 0.0 
-0.99999252546015138 0.0 0.0 0.0 0.0 0.0 0.99999252546015138 0.0 0.0 0.0 0.0 
-1.0 0.0 0.0 0.0 -1.0 0.0 0.0 2.0 0.0 0.0 0.0 
-0.99999252546015138 -1.0 0.0 -1.0 0.0 0.0 0.0 0.0 2.9999925254601516 0.0 0.0 
0.0 0.0 0.0 0.0 0.0 -0.99998576508784642 0.0 0.0 0.0 1.9999857650878465 -1.0 
-1.0 0.0 0.0 0.0 0.0 0.0 0.0 0.0 0.0 -1.0 2.0 

3.9999573657899155 0.0 0.0 0.0 0.0 0.0 -0.99997868289495773 -1.0 -0.99997868289495773 0.0 -1.0 
0.0 2.0 -1.0 0.0 0.0 0.0 0.0 0.0 -1.0 0.0 0.0 
0.0 -1.0 3.0 -1.0 0.0 -1.0 0.0 0.0 0.0 0.0 0.0 
0.0 0.0 -1.0 2.9999786817442153 -0.99997868174421523 0.0 0.0 0.0 -1.0 0.0 0.0 
0.0 0.0 0.0 -0.99997868174421523 2.9999573681571468 -0.99997868641293142 0.0 -1.0 0.0 0.0 0.0 
0.0 0.0 -1.0 0.0 -0.99997868641293142 2.9999573347114676 0.0 0.0 0.0 -0.99997864829853633 0.0 
-0.99997868289495773 0.0 0.0 0.0 0.0 0.0 0.99997868289495773 0.0 0.0 0.0 0.0 
-1.0 0.0 0.0 0.0 -1.0 0.0 0.0 2.0 0.0 0.0 0.0 
-0.99997868289495773 -1.0 0.0 -1.0 0.0 0.0 0.0 0.0 2.9999786828949579 0.0 0.0 
0.0 0.0 0.0 0.0 0.0 -0.99997864829853633 0.0 0.0 0.0 1.9999786482985362 -1.0 
-1.0 0.0 0.0 0.0 0.0 0.0 0.0 0.0 0.0 -1.0 2.0 

